0.96886,0.03725,0.045698,0.023095,0.012,0.20182,0.023654,0.018529,0.023654,0.005,0.031111,0.018437,0.03725,0.02225,0.025455,0.035132,0.0175,0.019211,0.025455,0.025,0.025455,0.19317,0.049239,0.012,0.023654,0.1125,0.20759,0.0175,0.037439,0.032568,0.0175,0.059468,0.20182,0.062813,0.01125,0.025455,0.049,0.01,0.01,0.023654,0.025,0.20182,0.12284,0.01,0.039524,0.005,0.026176,0.0175,0.023704,0.026286,0.023654,0.048295,0.005,0.088673,0.005,0.019167,0.014091
0.96734,0.034459,0.039419,0.016818,0.01125,0.26348,0.01125,0.01125,0.017609,0.005,0.12717,0.014306,0.044091,0.039419,0.02875,0.034459,0.016818,0.016818,0.0191,0.034459,0.022963,0.15713,0.034934,0.0078571,0.016818,0.030909,0.12717,0.014306,0.076957,0.1164,0.01125,0.037436,0.11082,0.11882,0.0078571,0.032353,0.030909,0.01125,0.01125,0.018333,0.029828,0.21027,0.11082,0.006,0.039419,0.005,0.030909,0.01125,0.11082,0.030909,0.022963,0.039419,0.005,0.051556,0.005,0.01125,0.01125
0.96963,0.02875,0.06913,0.024808,0.0083333,0.10123,0.012333,0.012333,0.025172,0.005,0.06913,0.017368,0.028,0.023125,0.027353,0.026935,0.022143,0.024815,0.026935,0.025172,0.022727,0.10537,0.057326,0.0083333,0.017368,0.064432,0.073958,0.0090909,0.03425,0.040305,0.013906,0.032763,0.098039,0.027353,0.0083333,0.10123,0.027353,0.008,0.012333,0.03425,0.030135,0.21848,0.080714,0.0083333,0.0975,0.00375,0.047857,0.0090909,0.11414,0.023125,0.022,0.024808,0.00375,0.069894,0.005,0.015735,0.012083
0.96861,0.040233,0.064444,0.019038,0.011875,0.21722,0.013667,0.015625,0.02125,0.005,0.036382,0.013667,0.069271,0.022167,0.023636,0.023281,0.017368,0.013667,0.018182,0.032222,0.019038,0.22482,0.069271,0.013667,0.018261,0.068804,0.099314,0.018182,0.040233,0.077653,0.013667,0.030143,0.19245,0.063182,0.013667,0.036437,0.017375,0.013667,0.0075,0.02037,0.019038,0.24067,0.13087,0.00625,0.038902,0.005,0.022167,0.017368,0.0907,0.036437,0.023281,0.026471,0.005,0.036382,0.0075,0.016471,0.011875
0.96892,0.025179,0.037973,0.033548,0.013158,0.16873,0.017708,0.0061111,0.037083,0.005,0.024231,0.010714,0.033824,0.017708,0.035571,0.042195,0.0184,0.013158,0.017708,0.042195,0.011333,0.31232,0.051977,0.0063636,0.012188,0.039079,0.0793,0.00625,0.060667,0.12906,0.012941,0.042195,0.076094,0.065543,0.0070833,0.068032,0.030917,0.005,0.005,0.030917,0.024444,0.15565,0.088235,0.0061111,0.11712,0.00375,0.046429,0.005,0.059318,0.033824,0.014048,0.033824,0.00375,0.0793,0.005,0.01325,0.01
0.96519,0.043354,0.026364,0.041,0.00875,0.17727,0.017065,0.012619,0.019615,0.005,0.043571,0.012619,0.029071,0.023667,0.031316,0.020463,0.012619,0.012619,0.012619,0.024839,0.022321,0.13226,0.14704,0.0075,0.0184,0.09845,0.11942,0.012619,0.07413,0.062444,0.012619,0.048023,0.090625,0.10882,0.012619,0.026364,0.013636,0.00875,0.0075,0.030556,0.0184,0.22866,0.09801,0.01,0.05375,0.005,0.023103,0.011136,0.084894,0.029071,0.012619,0.031316,0.005,0.037564,0.005,0.012619,0.0105
0.96256,0.025714,0.033553,0.028281,0.005,0.28109,0.020208,0.014333,0.041591,0.005,0.033553,0.015,0.029412,0.0213,0.039375,0.1076,0.019022,0.011429,0.015921,0.028333,0.032222,0.29491,0.065213,0.005,0.01881,0.041591,0.105,0.0091667,0.095,0.041548,0.015882,0.031143,0.0999,0.040732,0.0086364,0.038846,0.026935,0.005,0.005,0.019022,0.026935,0.16889,0.14769,0.0092308,0.07,0.005,0.021731,0.007,0.046444,0.061196,0.015921,0.025714,0.005,0.026935,0.005,0.01881,0.005
0.96149,0.039015,0.086146,0.032,0.0095,0.2746,0.026667,0.02175,0.050063,0.005,0.040857,0.022391,0.032,0.018889,0.067667,0.045658,0.05131,0.017353,0.014687,0.047308,0.032,0.18361,0.058409,0.005,0.012,0.15337,0.092451,0.010455,0.022391,0.051159,0.019737,0.038125,0.092451,0.07883,0.00625,0.071848,0.0302,0.012,0.005,0.032,0.040588,0.1591,0.045658,0.0083333,0.05593,0.0041667,0.042222,0.005,0.2746,0.032,0.011667,0.038125,0.0041667,0.092451,0.0041667,0.022391,0.012
0.9639,0.027344,0.032222,0.019828,0.01,0.35946,0.013437,0.0094444,0.017,0.005,0.022903,0.017,0.073646,0.015909,0.015909,0.08949,0.015909,0.010833,0.028182,0.033846,0.019537,0.18213,0.033846,0.005,0.015909,0.052093,0.10324,0.0125,0.033846,0.10358,0.014167,0.050488,0.0937,0.06734,0.011154,0.031143,0.017115,0.0067857,0.006875,0.0445,0.030735,0.22314,0.052614,0.0067857,0.052093,0.005,0.060109,0.013437,0.055,0.019643,0.013824,0.022903,0.005,0.10358,0.005,0.016087,0.01
0.96329,0.024286,0.041282,0.0182,0.016458,0.17111,0.015526,0.012727,0.041282,0.005,0.04619,0.015526,0.04619,0.015526,0.037639,0.077143,0.015526,0.015714,0.015714,0.025469,0.016458,0.1124,0.04619,0.005,0.014286,0.058936,0.0953,0.012727,0.021538,0.37821,0.014231,0.025469,0.07375,0.052273,0.015526,0.10069,0.048023,0.0088889,0.005,0.021852,0.030882,0.14863,0.055778,0.0088889,0.204,0.005,0.031286,0.0088889,0.025469,0.039324,0.025469,0.028788,0.005,0.058315,0.005,0.016364,0.01375
0.95738,0.042714,0.19431,0.017292,0.011364,0.192,0.017105,0.015278,0.020862,0.0046429,0.031818,0.0175,0.070278,0.011667,0.18615,0.12239,0.01875,0.015278,0.01725,0.0175,0.17372,0.53147,0.24226,0.0046429,0.017292,0.26981,0.17372,0.0095,0.094048,0.07473,0.015278,0.085375,0.14289,0.11837,0.015278,0.087683,0.01875,0.0046429,0.0088889,0.028548,0.028594,0.23832,0.30455,0.005,0.082628,0.0025,0.192,0.0046429,0.079605,0.017292,0.017292,0.028333,0.0046429,0.032353,0.0046429,0.015278,0.015278
0.95534,0.037073,0.076915,0.016739,0.010536,0.16922,0.01,0.016739,0.016739,0.005,0.069111,0.016739,0.047791,0.010536,0.026364,0.111,0.016176,0.0066667,0.017788,0.037073,0.032632,0.48156,0.032,0.005625,0.016739,0.077031,0.24278,0.022258,0.045893,0.075435,0.016176,0.090102,0.27118,0.049091,0.016176,0.02375,0.022258,0.005,0.005,0.022258,0.017788,0.2284,0.20269,0.005,0.035641,0.005,0.029265,0.007,0.019732,0.017292,0.016739,0.032095,0.005,0.032095,0.005,0.018889,0.01
0.95727,0.039625,0.025662,0.024655,0.0078571,0.28055,0.018409,0.014531,0.023846,0.005,0.02375,0.024655,0.042805,0.025156,0.025156,0.1218,0.024655,0.00925,0.018409,0.01913,0.018409,0.1218,0.029865,0.00925,0.023846,0.090745,0.1849,0.010385,0.05869,0.090745,0.018409,0.029143,0.1212,0.16706,0.01,0.081222,0.018409,0.018409,0.0078571,0.029865,0.014333,0.19519,0.30527,0.00925,0.22056,0.00375,0.038333,0.0078571,0.025662,0.037237,0.025156,0.059186,0.005,0.081222,0.00375,0.014333,0.010385
0.95513,0.049318,0.036538,0.024677,0.01125,0.15193,0.021979,0.013437,0.015952,0.0070833,0.036538,0.014211,0.024615,0.013611,0.024677,0.029286,0.018636,0.01125,0.021979,0.036538,0.031389,0.38773,0.21654,0.005,0.013611,0.21654,0.24491,0.01125,0.024677,0.068152,0.011923,0.057,0.037375,0.23038,0.01125,0.037976,0.024677,0.01125,0.0070833,0.0238,0.025882,0.16459,0.44875,0.012333,0.043372,0.005,0.024677,0.01475,0.1717,0.025882,0.025313,0.037976,0.005,0.074468,0.005,0.011964,0.01125
0.95721,0.043049,0.043049,0.017708,0.0059091,0.15698,0.016905,0.01625,0.020769,0.005,0.032778,0.032778,0.034595,0.01625,0.023548,0.017708,0.021964,0.005,0.01625,0.017708,0.023534,0.24336,0.057556,0.005,0.01625,0.046429,0.3842,0.014,0.060435,0.042436,0.0076786,0.057556,0.10833,0.1191,0.0059091,0.1191,0.0183,0.005,0.0069231,0.032353,0.023548,0.2337,0.13804,0.0055556,0.14673,0.005,0.034737,0.0055556,0.087766,0.027273,0.021964,0.027273,0.005,0.053488,0.005,0.0069231,0.014375
0.94813,0.041438,0.021379,0.021379,0.016591,0.21972,0.016591,0.016591,0.025606,0.0045833,0.016591,0.016591,0.0198,0.017609,0.025714,0.041463,0.020741,0.016591,0.016591,0.025714,0.025972,0.027632,0.10367,0.0045833,0.016591,0.066667,0.1088,0.016591,0.0198,0.089894,0.016591,0.025606,0.47955,0.022083,0.016591,0.051905,0.10219,0.010625,0.0078571,0.052386,0.024194,0.32373,0.12049,0.0145,0.15425,0.0045833,0.052386,0.0045833,0.12721,0.027297,0.020741,0.089894,0.0045833,0.028205,0.0045833,0.016591,0.014444
0.94906,0.13852,0.032,0.028148,0.0075,0.0859,0.039737,0.0075,0.034687,0.005,0.0086667,0.02119,0.028148,0.0274,0.034687,0.035441,0.037569,0.0068182,0.020278,0.0274,0.035441,0.066735,0.24577,0.010882,0.02119,0.055,0.11462,0.0055,0.037569,0.040897,0.022174,0.02119,0.10163,0.087843,0.005,0.053556,0.052727,0.005,0.0055,0.028929,0.045549,0.32732,0.052727,0.0070833,0.063617,0.005,0.041875,0.005,0.066735,0.038378,0.00875,0.032,0.005,0.052727,0.005,0.005,0.021477
0.94768,0.0375,0.047841,0.019792,0.0088462,0.24991,0.038919,0.0075,0.019,0.0046875,0.040658,0.013333,0.0375,0.019792,0.031429,0.045523,0.0375,0.0046875,0.0375,0.021923,0.0375,0.079896,0.043718,0.0046875,0.018125,0.045523,0.24991,0.018824,0.0375,0.07117,0.019,0.045523,0.24472,0.24202,0.011786,0.07117,0.037241,0.0046875,0.0046875,0.0375,0.022222,0.24778,0.049667,0.0047727,0.08105,0.0046875,0.019792,0.0047727,0.08105,0.021923,0.019792,0.081471,0.0046875,0.045523,0.0046875,0.019,0.0047727
0.94619,0.03381,0.02875,0.0059091,0.012308,0.1399,0.031029,0.027778,0.030968,0.005,0.031029,0.016667,0.03381,0.025435,0.033718,0.076809,0.025435,0.012308,0.025435,0.032917,0.016667,0.066111,0.17182,0.005,0.031029,0.097755,0.20125,0.02225,0.017941,0.042907,0.017941,0.03381,0.17176,0.032917,0.027,0.067935,0.13608,0.005,0.005,0.032961,0.027778,0.13608,0.15179,0.0059091,0.096563,0.004375,0.030968,0.004375,0.047955,0.025833,0.018056,0.032961,0.004375,0.029138,0.004375,0.021053,0.005
0.94761,0.072439,0.097766,0.021375,0.020294,0.17663,0.021591,0.021591,0.032759,0.0046875,0.038676,0.045417,0.049079,0.020294,0.026786,0.045417,0.020833,0.019333,0.024423,0.1,0.034531,0.36027,0.050128,0.0046875,0.022391,0.054625,0.6321,0.0090909,0.034531,0.094674,0.023125,0.024423,0.098367,0.080116,0.009,0.10838,0.02463,0.01,0.0046875,0.0345,0.021053,0.20259,0.098367,0.0046875,0.080116,0.0046875,0.045676,0.005,0.080222,0.038676,0.011154,0.080222,0.0046875,0.20066,0.0046875,0.012857,0.0046875
0.93915,0.064872,0.2692,0.01587,0.01125,0.29481,0.0204,0.01587,0.025484,0.01125,0.06925,0.012,0.01587,0.012639,0.064872,0.084524,0.024741,0.01,0.023125,0.01587,0.092667,0.12281,0.093043,0.01125,0.055,0.13855,0.36664,0.022115,0.1351,0.16412,0.012639,0.023125,0.091932,0.11117,0.01125,0.084767,0.06,0.012,0.01125,0.01587,0.018333,0.46826,0.072439,0.01125,0.027813,0.0041667,0.025417,0.0041667,0.031176,0.064872,0.012639,0.028333,0.0041667,0.1901,0.00875,0.01125,0.012
0.93919,0.028952,0.023276,0.017826,0.016111,0.35804,0.015385,0.016111,0.031563,0.005,0.042,0.020714,0.073085,0.016111,0.035455,0.051279,0.0165,0.015714,0.024667,0.0505,0.020714,0.11225,0.28769,0.0086364,0.0066667,0.11225,0.21962,0.016111,0.048224,0.0505,0.016786,0.061364,0.047905,0.0375,0.016316,0.30691,0.018854,0.005,0.005,0.017826,0.02,0.1476,0.073085,0.0065625,0.073085,0.005,0.051279,0.005,0.11204,0.042222,0.020192,0.09625,0.005,0.051279,0.005,0.0075,0.0125
0.93838,0.29896,0.439,0.026094,0.014048,0.13922,0.023304,0.014048,0.0695,0.007,0.02,0.014048,0.047434,0.014048,0.05359,0.095109,0.023333,0.011111,0.024516,0.04527,0.074268,0.099255,0.04527,0.011111,0.014048,0.1191,0.1026,0.014048,0.014048,0.56129,0.019808,0.016522,0.22793,0.023333,0.014048,0.095109,0.0196,0.014048,0.011111,0.081429,0.040441,0.10898,0.095109,0.0091667,0.38398,0.005,0.014048,0.007,0.040441,0.04527,0.016522,0.091279,0.005,0.018542,0.005,0.014048,0.014048
0.94154,0.12959,0.019286,0.021635,0.0175,0.054276,0.016071,0.019565,0.070814,0.005,0.0365,0.0365,0.023333,0.016071,0.0365,0.1766,0.0175,0.015909,0.019565,0.02371,0.0214,0.38464,0.27667,0.0075,0.0425,0.073409,0.44049,0.015,0.048378,0.12959,0.017778,0.02125,0.2549,0.059487,0.017647,0.023333,0.025781,0.016071,0.005,0.11293,0.018158,0.18775,0.26585,0.009375,0.06878,0.005,0.023333,0.009375,0.11479,0.070814,0.023333,0.086333,0.005,0.06,0.005,0.019286,0.015909
0.93896,0.014524,0.080978,0.023333,0.01425,0.26849,0.024697,0.01425,0.01425,0.005625,0.032027,0.01425,0.023621,0.023333,0.24115,0.025588,0.023333,0.005,0.029653,0.0575,0.023833,0.059477,0.056341,0.01425,0.01425,0.097813,0.056341,0.01425,0.024219,0.20892,0.01425,0.029214,0.30963,0.51411,0.01425,0.023333,0.023333,0.0094444,0.005,0.015341,0.078556,0.34955,0.097813,0.005,0.12429,0.0025,0.024219,0.005625,0.078556,0.1265,0.023571,0.033421,0.005,0.038205,0.005,0.01125,0.01425
0.92901,0.040152,0.040152,0.023889,0.0075,0.13344,0.016579,0.0204,0.0315,0.0066667,0.016667,0.078214,0.052429,0.014167,0.15382,0.037984,0.023462,0.0094444,0.060395,0.082907,0.016579,0.3688,0.101,0.012273,0.019674,0.043235,0.41219,0.016579,0.028621,0.071829,0.016579,0.13344,0.11489,0.060395,0.016579,0.23613,0.064872,0.005,0.012273,0.0204,0.023929,0.18933,0.1445,0.0075,0.1445,0.005,0.067625,0.0066667,0.094091,0.019674,0.016579,0.060395,0.005,0.41205,0.005,0.016579,0.016667
0.9275,0.035833,0.13217,0.018587,0.01525,0.20225,0.0065,0.0065,0.079342,0.005,0.017273,0.018958,0.038871,0.013824,0.0725,0.11856,0.0205,0.0065909,0.02875,0.048984,0.031034,0.11856,0.24937,0.005,0.01,0.34085,0.53621,0.01525,0.22015,0.14904,0.0075,0.022222,0.15816,0.050758,0.0070833,0.079342,0.15816,0.0065,0.005,0.086829,0.0825,0.38182,0.3725,0.0075,0.11856,0.005,0.11856,0.005,0.060714,0.056471,0.015714,0.085875,0.005,0.021154,0.005,0.01525,0.013824
0.93194,0.037,0.023846,0.019211,0.022391,0.21143,0.038649,0.025484,0.066375,0.005,0.025484,0.0072727,0.063333,0.016429,0.089286,0.12466,0.038649,0.005,0.025484,0.028636,0.01975,0.177,0.2172,0.0079167,0.018667,0.37574,0.42161,0.019211,0.051974,0.21143,0.021905,0.023846,0.2698,0.18196,0.005,0.022391,0.025,0.005,0.0066667,0.033529,0.023846,0.38027,0.32077,0.019211,0.36387,0.005,0.025484,0.005,0.092209,0.028125,0.0072727,0.082683,0.005,0.21143,0.005,0.012692,0.019211
0.93282,0.0275,0.20321,0.0275,0.011111,0.15971,0.017391,0.014545,0.021538,0.005,0.094167,0.017391,0.056154,0.0204,0.12594,0.041397,0.022407,0.020208,0.032969,0.017391,0.017391,0.1529,0.29071,0.005,0.01625,0.082927,0.094167,0.015,0.15971,0.10598,0.017391,0.030323,0.085,0.069812,0.015,0.0275,0.056154,0.0135,0.009375,0.053611,0.017391,0.20343,0.12594,0.0064286,0.09064,0.005,0.24118,0.0058333,0.15092,0.034545,0.016,0.053611,0.005,0.056154,0.005,0.017391,0.015
0.93128,0.076951,0.024655,0.0208,0.018553,0.2449,0.011538,0.01125,0.018553,0.005,0.018958,0.018958,0.14734,0.013,0.14576,0.2244,0.018958,0.018125,0.050417,0.0465,0.024464,0.24373,0.50518,0.012143,0.018958,0.052436,0.46968,0.005625,0.145,0.092442,0.018553,0.0285,0.052436,0.029839,0.024464,0.087024,0.056,0.004375,0.0045833,0.03197,0.033235,0.27453,0.30657,0.0085,0.052436,0.004375,0.15551,0.0045833,0.14734,0.023654,0.018958,0.03197,0.004375,0.11841,0.004375,0.010909,0.0072222
0.91948,0.026364,0.13633,0.020179,0.025859,0.30106,0.017308,0.017941,0.0275,0.0045,0.020179,0.017941,0.47836,0.02069,0.11966,0.095814,0.017941,0.0070455,0.020179,0.040625,0.046905,0.2608,0.41884,0.0058333,0.023333,0.036316,0.22708,0.00625,0.020179,0.30106,0.020179,0.020179,0.30632,0.16435,0.019167,0.020179,0.025859,0.00625,0.00625,0.19681,0.036346,0.53754,0.23122,0.0045,0.035278,0.0045,0.036316,0.00625,0.035278,0.020179,0.020179,0.043049,0.0045,0.017308,0.0045,0.017941,0.020179
0.91709,0.15245,0.021111,0.021724,0.021111,0.22843,0.021111,0.012,0.050641,0.005,0.086512,0.021111,0.021111,0.005,0.036667,0.171,0.055976,0.0084615,0.02,0.021111,0.15,0.3117,0.049737,0.005,0.021111,0.036667,0.15245,0.021111,0.036667,0.33705,0.0077273,0.051625,0.086512,0.10078,0.021111,0.021111,0.021724,0.021111,0.005,0.043108,0.031774,0.58567,0.12864,0.005,0.32181,0.005,0.029167,0.005,0.087159,0.036667,0.0085714,0.036667,0.005,0.3117,0.005,0.0079167,0.005
0.91692,0.082429,0.034107,0.15796,0.015909,0.52272,0.014474,0.013056,0.18415,0.005,0.10434,0.01663,0.03,0.01,0.23625,0.10568,0.012353,0.0083333,0.042,0.0272,0.086389,0.087162,0.10568,0.005,0.01,0.10568,0.047258,0.0061111,0.026875,0.24425,0.015909,0.10568,0.10568,0.31546,0.0063636,0.15796,0.040862,0.005,0.0063636,0.034107,0.015909,0.12272,0.32273,0.005,0.15796,0.00375,0.10568,0.005,0.21549,0.10944,0.054531,0.063485,0.00375,0.079853,0.005,0.012353,0.012353
0.91654,0.015455,0.01931,0.015357,0.010769,0.097391,0.016413,0.010769,0.011071,0.005,0.31418,0.01931,0.037917,0.0225,0.01931,0.24327,0.013824,0.005,0.0145,0.097391,0.057125,0.097159,0.096686,0.0145,0.034,0.2037,0.27962,0.006875,0.038553,0.28477,0.013437,0.13851,0.064702,0.2446,0.010769,0.028939,0.010769,0.005,0.010769,0.017292,0.021667,0.27962,0.26794,0.013437,0.057927,0.005,0.040769,0.005,0.029706,0.038243,0.013889,0.01931,0.005,0.42491,0.005,0.021774,0.01931
0.91864,0.014079,0.11949,0.063472,0.013906,0.29214,0.023125,0.005,0.1017,0.0065,0.08369,0.005,0.0236,0.020952,0.041,0.063472,0.037037,0.013906,0.052424,0.063472,0.13692,0.1215,0.34821,0.005,0.013906,0.19796,0.16179,0.0057143,0.023125,0.08369,0.051875,0.08369,0.11745,0.023125,0.013971,0.040517,0.105,0.0081818,0.0083333,0.039643,0.020952,0.11949,0.12922,0.0088462,0.08369,0.005,0.08369,0.0059375,0.11949,0.042742,0.02375,0.090116,0.005,0.08369,0.005,0.014079,0.0061111
0.90528,0.01619,0.060395,0.043182,0.01,0.49951,0.016111,0.061667,0.056571,0.01,0.037742,0.01619,0.037742,0.01,0.099886,0.099886,0.033214,0.01,0.019348,0.061667,0.033214,0.12078,0.35932,0.0075,0.060395,0.18184,0.3487,0.01,0.061667,0.15065,0.01619,0.041719,0.32519,0.061667,0.01,0.048529,0.014219,0.025417,0.004375,0.015882,0.018864,0.26887,0.15937,0.011,0.033214,0.004375,0.0294,0.005,0.2424,0.060395,0.037155,0.15937,0.004375,0.31154,0.004375,0.01,0.01
0.91008,0.03,0.056143,0.0090909,0.093,0.109,0.03,0.052576,0.14684,0.004375,0.10114,0.025556,0.094186,0.0090909,0.18375,0.036034,0.036667,0.0055556,0.080395,0.052576,0.029091,0.09375,0.253,0.005,0.011429,0.019375,0.23065,0.025789,0.093,0.036034,0.029091,0.065946,0.031154,0.20481,0.025556,0.065833,0.036034,0.03,0.005,0.15627,0.029,0.25866,0.1508,0.005,0.13032,0.004375,0.051774,0.004375,0.13032,0.054559,0.010962,0.09375,0.005,0.14684,0.004375,0.013333,0.01
0.90584,0.14341,0.03,0.045,0.019737,0.37648,0.016176,0.0073077,0.068784,0.005,0.14389,0.020833,0.065833,0.020833,0.19625,0.11854,0.020833,0.005,0.10212,0.014375,0.0315,0.15022,0.60531,0.005,0.055882,0.14341,0.21612,0.0216,0.14341,0.377,0.0073077,0.0315,0.033871,0.37648,0.005625,0.22735,0.023942,0.0063636,0.0061111,0.08859,0.043047,0.31962,0.27147,0.0063636,0.020833,0.005,0.019737,0.0089286,0.081447,0.020833,0.0315,0.16755,0.005,0.059,0.005,0.011,0.005
0.90751,0.066625,0.0975,0.02413,0.025185,0.1901,0.0975,0.023333,0.027241,0.005,0.037879,0.015156,0.044861,0.012308,0.16541,0.040735,0.025185,0.0075,0.025185,0.028,0.030323,0.13415,0.1744,0.0067857,0.013333,0.08119,0.24532,0.025185,0.12456,0.12946,0.021029,0.22868,0.043,0.3908,0.008,0.22827,0.013333,0.0067857,0.005,0.061795,0.023,0.25036,0.08119,0.021842,0.052973,0.005,0.021111,0.012308,0.061795,0.026786,0.024091,0.13521,0.005,0.033281,0.005,0.010455,0.008
0.90303,0.030455,0.11527,0.015769,0.026481,0.17942,0.030455,0.006875,0.027054,0.005,0.029138,0.017763,0.063963,0.026481,0.030455,0.078929,0.026481,0.005,0.016333,0.054875,0.02275,0.13333,0.15549,0.0081818,0.025435,0.15549,0.36321,0.017763,0.041974,0.13218,0.017763,0.039559,0.15549,0.19151,0.0077778,0.025435,0.10297,0.0081818,0.005,0.041974,0.041974,0.21856,0.11522,0.016333,0.36321,0.0025,0.017763,0.005,0.10545,0.026481,0.025435,0.030455,0.005,0.041974,0.005,0.044359,0.015769
0.89739,0.040972,0.040972,0.032212,0.0205,0.060946,0.08975,0.030208,0.020313,0.005,0.29109,0.016167,0.040972,0.0205,0.13152,0.13022,0.026591,0.0205,0.030208,0.18041,0.040972,0.096279,0.25538,0.01,0.012778,0.41196,0.14766,0.016167,0.096279,0.12489,0.0145,0.040972,0.075,0.096279,0.016167,0.0375,0.0375,0.005,0.0091667,0.040972,0.0205,0.24603,0.16573,0.02119,0.29109,0.005,0.040972,0.011875,0.25538,0.040972,0.015455,0.066447,0.005,0.24603,0.005,0.032212,0.016167
0.89001,0.03425,0.017167,0.061,0.051897,0.37102,0.037727,0.03425,0.080128,0.0046875,0.051852,0.040313,0.040313,0.0421,0.22307,0.03425,0.0068182,0.01125,0.061,0.051897,0.18862,0.47027,0.096,0.0046875,0.028438,0.054667,0.29612,0.32644,0.03425,0.57763,0.058125,0.068194,0.30588,0.16174,0.013846,0.057419,0.035595,0.0046875,0.0046875,0.071081,0.12439,0.3052,0.0775,0.016071,0.34104,0.0046875,0.1269,0.0052778,0.17428,0.060758,0.006,0.18862,0.0046875,0.16227,0.0046875,0.043654,0.0046875
0.89619,0.069868,0.19458,0.044394,0.021316,0.18956,0.086341,0.057778,0.017692,0.005,0.044394,0.0225,0.09686,0.0083333,0.11289,0.090952,0.021316,0.0061111,0.0244,0.19458,0.021316,0.21936,0.21936,0.0075,0.0244,0.079359,0.15354,0.0058333,0.035804,0.18956,0.0083333,0.057778,0.1549,0.13245,0.02381,0.0244,0.044394,0.018214,0.005,0.060676,0.086313,0.25286,0.10739,0.0061111,0.057778,0.0041667,0.03537,0.0060714,0.044394,0.044394,0.021316,0.026538,0.0041667,0.13228,0.0041667,0.018333,0.0244
0.88944,0.017,0.040323,0.042941,0.01475,0.07881,0.0925,0.024,0.023587,0.0075,0.1702,0.015882,0.017045,0.07881,0.017,0.12833,0.025385,0.015882,0.045286,0.017,0.041406,0.19562,0.5633,0.015882,0.037857,0.042941,0.07881,0.012222,0.049097,0.10172,0.040323,0.063649,0.038448,0.18676,0.015882,0.028519,0.017045,0.012222,0.012222,0.07881,0.015882,0.43945,0.31632,0.015882,0.10772,0.005,0.088547,0.012222,0.1449,0.074211,0.024,0.32824,0.005,0.12245,0.005,0.012222,0.015882
0.89112,0.015,0.017708,0.048472,0.015,0.50808,0.055541,0.020714,0.015,0.010556,0.082439,0.046429,0.058289,0.015,0.017609,0.046429,0.008125,0.015,0.017609,0.015,0.022672,0.12022,0.23327,0.0041667,0.015,0.14408,0.42318,0.015,0.22559,0.12293,0.015,0.069744,0.10545,0.020185,0.005,0.1987,0.031129,0.0071429,0.015,0.25444,0.04,0.25444,0.12319,0.019038,0.10545,0.0041667,0.092024,0.0066667,0.08225,0.025833,0.017609,0.12646,0.0041667,0.046429,0.005,0.0184,0.015
0.87183,0.019667,0.0225,0.025185,0.024808,0.12777,0.032969,0.024808,0.0225,0.005,0.14198,0.040811,0.019667,0.086395,0.10739,0.029516,0.086395,0.0078571,0.019667,0.070128,0.0525,0.38583,0.10739,0.005,0.028036,0.1787,0.45054,0.019667,0.022368,0.10739,0.021389,0.040714,0.18191,0.086395,0.024808,0.028333,0.040811,0.021389,0.0097222,0.43459,0.0225,0.18346,0.1498,0.005,0.021389,0.005,0.036176,0.019667,0.34858,0.024808,0.012,0.034091,0.005,0.070375,0.005,0.028333,0.0084375
0.87201,0.017941,0.19755,0.0225,0.0145,0.26673,0.067903,0.072424,0.021316,0.0075,0.208,0.017941,0.064483,0.12352,0.31198,0.089474,0.021375,0.0145,0.11929,0.063214,0.061019,0.0524,0.35171,0.005,0.071563,0.16596,0.3575,0.0145,0.017941,0.16596,0.017941,0.14422,0.19755,0.22824,0.015833,0.089474,0.06725,0.017941,0.0145,0.11929,0.018333,0.10462,0.76031,0.0225,0.080357,0.005,0.061019,0.0075,0.047917,0.089474,0.0225,0.099487,0.005,0.080357,0.0075,0.015833,0.12352
0.88159,0.097961,0.16656,0.0388,0.017143,0.10857,0.016667,0.015625,0.021739,0.006,0.044815,0.067833,0.17184,0.049821,0.105,0.10857,0.016111,0.069677,0.024063,0.040192,0.077344,0.23515,0.16457,0.015625,0.016667,0.094028,0.29542,0.018889,0.12633,0.23515,0.018889,0.067833,0.097961,0.28094,0.021739,0.020875,0.094,0.016667,0.005,0.094,0.017143,0.32127,0.14946,0.018889,0.11884,0.005,0.082576,0.0095833,0.12318,0.10857,0.018889,0.33696,0.006,0.2525,0.005,0.020875,0.021739
0.88337,0.059118,0.076486,0.023438,0.03,0.25519,0.015,0.02913,0.081118,0.0045833,0.028,0.015,0.028,0.017308,0.030962,0.10603,0.027778,0.0145,0.044839,0.029091,0.20198,0.11262,0.51875,0.013333,0.037759,0.1542,0.51875,0.0675,0.028333,0.21949,0.03,0.11341,0.12033,0.11262,0.021786,0.035893,0.062786,0.011875,0.0045833,0.12196,0.059118,0.51875,0.37132,0.0089286,0.047969,0.00375,0.044839,0.025588,0.2402,0.11112,0.023438,0.032593,0.0045833,0.11341,0.00375,0.24186,0.0045833
0.87922,0.14011,0.062167,0.016333,0.025,0.080694,0.029211,0.033261,0.032273,0.0045833,0.0379,0.053519,0.080694,0.016071,0.089048,0.24796,0.030375,0.005,0.08473,0.13804,0.069355,0.20098,0.46545,0.005,0.0045833,0.055536,0.20684,0.085915,0.0379,0.092841,0.020625,0.12644,0.080694,0.062167,0.013462,0.20098,0.077879,0.005,0.0045833,0.20197,0.085915,0.70683,0.085256,0.013,0.077879,0.0045833,0.18061,0.013182,0.092841,0.042308,0.032024,0.14167,0.0045833,0.085256,0.0045833,0.026944,0.013462
0.85635,0.17693,0.046204,0.080139,0.043462,0.5025,0.058966,0.043462,0.018393,0.027895,0.021563,0.21911,0.06125,0.018393,0.059167,0.042292,0.059839,0.021563,0.024412,0.042292,0.080139,0.33377,0.2799,0.015625,0.018393,0.41827,0.21594,0.018393,0.31808,0.29451,0.018393,0.080139,0.21911,0.089211,0.093375,0.076818,0.087973,0.015625,0.005,0.2799,0.027895,0.41827,0.12267,0.032045,0.093205,0.00375,0.016111,0.012,0.12244,0.12267,0.057679,0.21911,0.0041667,0.02825,0.00375,0.032045,0.015625
0.86144,0.36852,0.1169,0.023333,0.017333,0.18887,0.0285,0.059063,0.064697,0.005,0.077961,0.023333,0.15969,0.023333,0.12784,0.14957,0.13576,0.017333,0.12709,0.029048,0.077568,0.42764,0.25077,0.010625,0.1169,0.054483,0.1832,0.04125,0.054833,0.07,0.054483,0.054483,0.029091,0.035435,0.015,0.15906,0.054483,0.0057143,0.005,0.11506,0.024211,0.27844,0.47991,0.017333,0.075833,0.0025,0.0452,0.005,0.13576,0.056129,0.017333,0.07,0.005,0.11378,0.005,0.012,0.012
0.87003,0.13744,0.17495,0.071176,0.01,0.56223,0.17495,0.018333,0.018333,0.005,0.016538,0.0125,0.10027,0.0125,0.19918,0.12976,0.023125,0.024868,0.044194,0.023824,0.024868,0.15822,0.54046,0.010556,0.074357,0.044194,0.26856,0.067727,0.044194,0.044194,0.0305,0.044194,0.10027,0.25873,0.11205,0.035652,0.0418,0.031818,0.005,0.1077,0.0675,0.15822,0.19918,0.031818,0.25873,0.005,0.040417,0.0071429,0.42189,0.0066667,0.12976,0.12976,0.005,0.65763,0.005,0.043462,0.0125
0.87076,0.02,0.077917,0.14457,0.021071,0.2425,0.068145,0.0086364,0.025,0.005,0.011154,0.016471,0.31608,0.010625,0.22653,0.72959,0.077917,0.005,0.031964,0.077576,0.021071,0.11581,0.53599,0.0083333,0.077917,0.137,0.6875,0.031964,0.047241,0.3551,0.021071,0.12261,0.14957,0.10077,0.031964,0.10387,0.11293,0.0083333,0.005,0.088289,0.028043,0.77835,0.15094,0.0085,0.028125,0.0025,0.072969,0.011667,0.084189,0.01625,0.0078571,0.056,0.0066667,0.11381,0.005,0.011667,0.0316
0.87,0.12618,0.12618,0.10426,0.068667,0.3351,0.013333,0.15674,0.050926,0.013846,0.15674,0.005625,0.0504,0.037727,0.12486,0.2811,0.15674,0.013333,0.026842,0.15674,0.082266,0.45805,0.15674,0.005,0.015938,0.15674,0.39056,0.015938,0.024444,0.34212,0.015938,0.037727,0.18649,0.15674,0.065345,0.02775,0.12618,0.005,0.005,0.10426,0.077903,0.53741,0.22265,0.005,0.042391,0.005,0.047292,0.0066667,0.20312,0.13897,0.023971,0.39056,0.005,0.050982,0.005,0.050577,0.013333
0.85496,0.46459,0.059107,0.11941,0.073966,0.3913,0.28277,0.03125,0.057692,0.005,0.021786,0.052917,0.035,0.0534,0.28969,0.096129,0.01375,0.019091,0.030667,0.16216,0.32071,0.13507,0.48647,0.019091,0.03725,0.3263,0.2336,0.021786,0.059107,0.11409,0.019091,0.035,0.3426,0.2035,0.04,0.28277,0.21714,0.047174,0.00375,0.089,0.047174,0.36462,0.13625,0.244,0.16895,0.00375,0.031618,0.0092857,0.1716,0.11409,0.005,0.37425,0.005,0.24159,0.005,0.21714,0.021786
0.8528,0.036552,0.017361,0.015313,0.015313,0.47978,0.0292,0.005,0.020789,0.005,0.036552,0.007,0.032885,0.024524,0.10922,0.1383,0.026875,0.0125,0.015,0.18913,0.052121,0.19226,0.35255,0.015313,0.017361,0.079872,0.17608,0.024565,0.048906,0.065592,0.099048,0.10614,0.15469,0.12424,0.043917,0.059167,0.036552,0.0057143,0.0066667,0.045968,0.024565,0.2513,0.1731,0.0057143,0.1548,0.005,0.054191,0.005,0.08675,0.058643,0.10267,0.065592,0.005,0.097683,0.0066667,0.02275,0.0125
0.84673,0.091,0.12105,0.024762,0.0066667,0.13226,0.035208,0.006,0.035208,0.005,0.060484,0.015,0.065937,0.015,0.13722,0.23716,0.013,0.015,0.043333,0.11081,0.016111,0.39227,0.38585,0.01125,0.011667,0.049655,0.48223,0.032614,0.19199,0.13455,0.016111,0.13226,0.12475,0.39227,0.076061,0.049655,0.16315,0.019375,0.014091,0.016111,0.0425,0.11081,0.2171,0.016111,0.13455,0.005,0.12475,0.0096429,0.17011,0.080882,0.05975,0.33692,0.005,0.18792,0.006,0.043333,0.016711
0.8549,0.031579,0.2383,0.020625,0.018636,0.391,0.060192,0.037273,0.082097,0.020625,0.17956,0.079828,0.2383,0.035,0.35907,0.099583,0.020385,0.00625,0.079464,0.022647,0.035,0.20536,0.35566,0.0528,0.089265,0.15013,0.2383,0.3431,0.0528,0.067222,0.094714,0.13211,0.26219,0.089265,0.015,0.20536,0.089265,0.009,0.013929,0.2283,0.015,0.35566,0.3431,0.026667,0.41719,0.00375,0.020385,0.011667,0.3452,0.13211,0.020625,0.082097,0.00375,0.2283,0.005,0.038913,0.0185
0.8401,0.18378,0.025882,0.063482,0.023571,0.4875,0.10667,0.06,0.11275,0.005,0.20365,0.0175,0.036522,0.093378,0.31422,0.063833,0.20365,0.036522,0.015,0.059792,0.068226,0.22061,0.4538,0.092222,0.033611,0.315,0.2636,0.13976,0.035526,0.10667,0.12793,0.036522,0.6775,0.092222,0.013125,0.17341,0.081212,0.012857,0.011667,0.025882,0.063482,0.37019,0.091029,0.025882,0.20365,0.005,0.021154,0.00625,0.16523,0.063482,0.0155,0.070156,0.005,0.063707,0.015682,0.036522,0.011667
0.83285,0.12382,0.016458,0.082593,0.21955,0.25327,0.3175,0.023235,0.016786,0.0666,0.25327,0.01375,0.31314,0.085517,0.085517,0.34855,0.21955,0.021667,0.016786,0.21955,0.20838,0.10818,0.32889,0.016458,0.0355,0.21197,0.3266,0.069519,0.099062,0.23293,0.035,0.25327,0.22644,0.17083,0.01375,0.17083,0.01375,0.016458,0.016458,0.21955,0.21808,0.64478,0.099062,0.016458,0.094583,0.005,0.016458,0.035,0.21955,0.0375,0.021719,0.2623,0.005,0.051458,0.005,0.035714,0.048696
0.82935,0.041944,0.25227,0.047381,0.0077778,0.57209,0.22866,0.026429,0.018409,0.0064286,0.125,0.070804,0.25227,0.01875,0.28128,0.17139,0.076207,0.022308,0.018409,0.17139,0.2663,0.53821,0.3122,0.047727,0.17816,0.26067,0.22425,0.0534,0.0534,0.17139,0.17016,0.044737,0.58268,0.17139,0.027353,0.55329,0.062407,0.005,0.0064286,0.51111,0.062407,0.22425,0.23488,0.1095,0.40137,0.005,0.17816,0.005,0.30888,0.29766,0.027353,0.027353,0.005,0.04575,0.005,0.0534,0.0077778
0.8334,0.040714,0.50576,0.17533,0.023684,0.2797,0.0534,0.098125,0.020313,0.011667,0.10566,0.10279,0.0425,0.011667,0.043125,0.10675,0.087,0.011667,0.11683,0.043125,0.10675,0.082586,0.33904,0.018333,0.011667,0.10566,0.36283,0.02,0.29255,0.2797,0.020313,0.10566,0.10279,0.40618,0.021176,0.15057,0.053654,0.020313,0.011667,0.0245,0.12119,0.38,0.098125,0.13733,0.0155,0.005,0.18404,0.018333,0.072143,0.17924,0.063889,0.10566,0.0066667,0.21474,0.005,0.021944,0.0075
0.84608,0.17622,0.34802,0.14944,0.054167,0.533,0.03725,0.34802,0.03725,0.010556,0.17622,0.043261,0.25644,0.10984,0.15284,0.17244,0.099554,0.027333,0.19949,0.087407,0.035278,0.25644,0.70304,0.042955,0.027333,0.31505,0.44903,0.0066667,0.18869,0.26385,0.017,0.10431,0.087407,0.13553,0.018636,0.11797,0.13882,0.019167,0.005,0.17244,0.18907,0.3473,0.25644,0.010556,0.34802,0.0025,0.0582,0.027333,0.14944,0.10933,0.0085714,0.030625,0.0066667,0.035278,0.005,0.041667,0.00625
0.84158,0.0425,0.12719,0.061042,0.034444,0.18622,0.13543,0.0844,0.14012,0.01,0.025833,0.33577,0.10143,0.030937,0.14012,0.14012,0.034444,0.030937,0.040833,0.22229,0.14012,0.34818,0.2737,0.024091,0.12719,0.16536,0.28853,0.03625,0.17907,0.34818,0.10143,0.1833,0.098077,0.13543,0.029231,0.19489,0.14012,0.007,0.004375,0.18918,0.125,0.33986,0.36772,0.03625,0.13543,0.004375,0.15537,0.015833,0.125,0.2737,0.0091667,0.0525,0.004375,0.0215,0.004375,0.030937,0.0092857
0.8236,0.092297,0.16079,0.096053,0.048696,0.25402,0.0775,0.019545,0.0775,0.021538,0.08,0.012143,0.22913,0.028333,0.032647,0.034167,0.052593,0.0125,0.04625,0.4675,0.19767,0.084167,0.1844,0.027857,0.03,0.23117,0.46375,0.005,0.20148,0.13125,0.43585,0.25402,0.25402,0.061964,0.052593,0.084167,0.12936,0.050729,0.014444,0.081515,0.012143,0.67201,0.37567,0.02125,0.20456,0.005,0.048696,0.009,0.08,0.048696,0.036184,0.084167,0.00875,0.25402,0.005,0.052593,0.019545
0.80737,0.14265,0.038929,0.14265,0.16446,0.34,0.10367,0.051818,0.20417,0.005,0.053542,0.10179,0.0475,0.038929,0.49145,0.053542,0.05025,0.049118,0.049737,0.10207,0.276,0.26098,0.43868,0.018,0.15286,0.33779,0.276,0.00875,0.2375,0.25944,0.030455,0.066827,0.2375,0.54991,0.17587,0.17587,0.11742,0.038929,0.008,0.276,0.19037,0.47639,0.13734,0.017222,0.17587,0.005,0.08537,0.01125,0.16333,0.051818,0.041,0.276,0.005,0.049737,0.0075,0.01125,0.0592
0.81921,0.48151,0.15057,0.085735,0.011667,0.53644,0.09875,0.12,0.017941,0.017941,0.0375,0.018611,0.20902,0.046731,0.35898,0.023947,0.0058333,0.0058333,0.12423,0.038043,0.085312,0.041,0.58429,0.011071,0.083226,0.14012,0.35912,0.14012,0.035952,0.14163,0.2301,0.09875,0.085735,0.02625,0.017941,0.047778,0.40163,0.017941,0.0058333,0.083226,0.017941,0.57664,0.215,0.017941,0.041,0.0041667,0.15744,0.011667,0.12638,0.35912,0.017941,0.12423,0.0041667,0.083226,0.0041667,0.071071,0.017941
0.82181,0.20011,0.17333,0.082241,0.020833,0.47656,0.044167,0.065,0.085156,0.0075,0.05,0.22417,0.17333,0.084917,0.2408,0.30311,0.036765,0.0075,0.074167,0.28038,0.050375,0.2452,0.47656,0.0075,0.085156,0.0755,0.44162,0.020833,0.17712,0.13488,0.020833,0.07625,0.093429,0.095513,0.022308,0.026562,0.074167,0.095513,0.01,0.089265,0.020833,0.16512,0.089265,0.073636,0.07625,0.0025,0.025357,0.026562,0.1315,0.095513,0.07625,0.22459,0.0075,0.095513,0.0075,0.17333,0.020833
0.82013,0.16875,0.18349,0.10157,0.022692,0.26212,0.01,0.18349,0.37895,0.016,0.079464,0.015,0.10799,0.025357,0.2687,0.21322,0.052292,0.0668,0.052292,0.16481,0.26212,0.26212,0.6442,0.027,0.015,0.115,0.26212,0.10044,0.10044,0.20682,0.027353,0.032222,0.26212,0.25543,0.033684,0.10044,0.14105,0.005,0.052292,0.18104,0.043333,0.093833,0.075185,0.015,0.2687,0.005,0.26212,0.015,0.071346,0.0345,0.02125,0.10044,0.005,0.085517,0.005,0.027353,0.016818
0.8012,0.18375,0.073214,0.36692,0.037391,0.27457,0.059583,0.095469,0.067963,0.0066667,0.176,0.176,0.37632,0.016111,0.42514,0.091774,0.35637,0.034643,0.091774,0.037045,0.40963,0.27457,0.27457,0.01,0.025556,0.28547,0.58027,0.017,0.025556,0.24402,0.025556,0.020682,0.30102,0.14773,0.21184,0.016111,0.025556,0.02775,0.025556,0.26488,0.27457,0.21184,0.067963,0.010714,0.067963,0.005,0.21244,0.027368,0.3182,0.25226,0.02375,0.088103,0.01,0.21912,0.005,0.025556,0.01
0.79758,0.20144,0.03,0.0982,0.07875,0.085227,0.11667,0.15756,0.13592,0.03,0.05,0.013,0.040625,0.0075,0.2799,0.082381,0.35333,0.013,0.096458,0.24213,0.2037,0.13556,0.3651,0.03,0.096458,0.11667,0.40843,0.065278,0.11096,0.57272,0.12234,0.15881,0.11667,0.28296,0.13556,0.13592,0.17875,0.03,0.005,0.17384,0.073684,0.41991,0.15756,0.12234,0.12864,0.0025,0.13556,0.013,0.37566,0.11667,0.01,0.14731,0.0125,0.013,0.005,0.2905,0.015
0.80748,0.075192,0.30896,0.18517,0.005,0.359,0.04275,0.14514,0.23372,0.0083333,0.01,0.036111,0.036842,0.013611,0.086852,0.092857,0.15171,0.0215,0.032656,0.17,0.22835,0.10218,0.28367,0.005,0.033824,0.235,0.37808,0.026167,0.16654,0.17,0.23708,0.13486,0.09569,0.30896,0.12647,0.23708,0.0706,0.023462,0.045952,0.3086,0.359,0.30896,0.12364,0.052045,0.097333,0.005,0.10781,0.013125,0.055435,0.17054,0.0225,0.14514,0.005,0.0225,0.005,0.065833,0.024643
0.80271,0.074853,0.23596,0.029762,0.027778,0.76933,0.23596,0.027778,0.027778,0.027778,0.075764,0.013,0.11175,0.027778,0.66177,0.032174,0.02825,0.02825,0.031364,0.2401,0.10808,0.096842,0.43172,0.0225,0.066071,0.0444,0.44332,0.027778,0.059907,0.48038,0.055962,0.15083,0.23596,0.067414,0.074853,0.026818,0.02425,0.0225,0.074853,0.54144,0.39105,0.11512,0.074853,0.0225,0.092568,0.005,0.023333,0.01,0.074853,0.0444,0.027778,0.15547,0.005,0.23771,0.005,0.16841,0.075764
0.80638,0.33115,0.27092,0.15646,0.04875,0.31031,0.027917,0.014444,0.17797,0.15337,0.018864,0.014444,0.091389,0.090192,0.33115,0.33115,0.15324,0.04875,0.070208,0.15337,0.048889,0.22378,0.11813,0.009,0.070208,0.15324,0.52491,0.038214,0.13015,0.0505,0.090192,0.13324,0.39791,0.11517,0.1175,0.056136,0.17797,0.048889,0.005,0.38407,0.15337,0.35868,0.28484,0.038214,0.30646,0.0025,0.055952,0.049474,0.11098,0.018864,0.014444,0.14386,0.005,0.22318,0.005,0.014444,0.11813
0.79399,0.23052,0.2038,0.063958,0.076429,0.16125,0.041333,0.063958,0.099597,0.0083333,0.19727,0.0684,0.020385,0.01,0.63564,0.15447,0.25286,0.045625,0.087241,0.12306,0.10078,0.13149,0.63723,0.076429,0.01125,0.45361,0.12306,0.2539,0.063958,0.063958,0.027143,0.0155,0.63564,0.063958,0.018182,0.17341,0.16125,0.1814,0.020208,0.2038,0.01,0.55269,0.27971,0.012778,0.063958,0.005,0.099597,0.01,0.20702,0.11667,0.063958,0.12306,0.01,0.1814,0.005,0.06,0.075962
0.79541,0.16561,0.090217,0.25851,0.1827,0.36382,0.045,0.055,0.069762,0.0225,0.22814,0.019286,0.069762,0.2015,0.13383,0.096875,0.22814,0.19526,0.039545,0.11707,0.32388,0.3401,0.32388,0.041538,0.04875,0.4109,0.40721,0.041538,0.2015,0.25851,0.059211,0.21646,0.12661,0.25851,0.12183,0.11661,0.45232,0.043214,0.005,0.11661,0.11661,0.41157,0.18157,0.090217,0.45652,0.0041667,0.11661,0.0066667,0.17919,0.059211,0.033,0.1825,0.0041667,0.24295,0.0041667,0.006,0.033
0.78881,0.07,0.18163,0.1465,0.043611,0.53944,0.10595,0.043611,0.21333,0.036667,0.0795,0.085303,0.05525,0.066923,0.49722,0.085441,0.065,0.066923,0.16432,0.097714,0.21333,0.59786,0.64987,0.011667,0.10194,0.075603,0.16744,0.033636,0.043611,0.16081,0.066923,0.062857,0.35356,0.21333,0.050263,0.07,0.043611,0.0066667,0.00875,0.11211,0.080313,0.1951,0.1951,0.043611,0.080313,0.005,0.14128,0.022222,0.15159,0.16081,0.022222,0.0285,0.005,0.065,0.015,0.011667,0.043611
0.79083,0.14308,0.14778,0.2149,0.02875,0.14517,0.12826,0.14778,0.20102,0.0084375,0.39934,0.14784,0.14778,0.0075,0.14517,0.20102,0.070294,0.0084375,0.0725,0.036667,0.043125,0.2149,0.20102,0.10341,0.086842,0.55427,0.61353,0.16051,0.2149,0.13729,0.094286,0.031538,0.14778,0.14308,0.15112,0.21287,0.14517,0.011667,0.008,0.14778,0.14778,0.31794,0.20102,0.028182,0.21287,0.0025,0.14778,0.036667,0.184,0.21287,0.0084375,0.36894,0.005,0.44704,0.0066667,0.0905,0.0255
0.79246,0.013846,0.21439,0.21439,0.013846,0.22107,0.11419,0.013846,0.23234,0.015938,0.52495,0.013846,0.015938,0.058,0.51449,0.085345,0.085345,0.09575,0.034524,0.016324,0.33676,0.085345,0.28265,0.0083333,0.22818,0.28485,0.425,0.013846,0.23234,0.42106,0.028333,0.21439,0.22145,0.25349,0.085345,0.23234,0.013846,0.013846,0.01,0.13242,0.05413,0.83429,0.21095,0.058,0.13441,0.005,0.12234,0.034524,0.20222,0.032105,0.013929,0.21382,0.013846,0.20222,0.005,0.035682,0.013
0.75753,0.06087,0.18651,0.075167,0.053095,0.51736,0.075167,0.022727,0.022222,0.0125,0.18967,0.056818,0.075167,0.2198,0.18705,0.1005,0.15073,0.046389,0.075167,0.038571,0.094559,0.075167,0.33569,0.053095,0.033846,0.37317,0.2609,0.08375,0.10208,0.18967,0.10764,0.075167,0.2198,0.2198,0.11941,0.022222,0.075167,0.046389,0.022222,0.4092,0.022222,0.73121,0.122,0.029583,0.0395,0.005,0.0083333,0.053095,0.47366,0.08375,0.094559,0.122,0.015,0.15429,0.0075,0.022727,0.046389
0.77412,0.061053,0.1375,0.021818,0.039231,0.3923,0.13694,0.029375,0.058971,0.006875,0.31717,0.054062,0.21908,0.007,0.31544,0.082609,0.082609,0.021818,0.28291,0.23275,0.33219,0.43165,0.35316,0.083333,0.09125,0.061053,0.26976,0.02,0.14621,0.51114,0.26976,0.042333,0.43165,0.09,0.14621,0.13694,0.12948,0.21908,0.02,0.3543,0.23275,0.65964,0.31544,0.04,0.10648,0.005,0.06975,0.021818,0.11768,0.32819,0.18764,0.48755,0.006875,0.14561,0.005,0.078333,0.021818
0.78054,0.073684,0.15316,0.13448,0.027857,0.56424,0.15512,0.27127,0.2241,0.03625,0.15316,0.14712,0.15316,0.073684,0.1611,0.20939,0.080652,0.053214,0.14712,0.080652,0.15512,0.16929,0.55114,0.053214,0.01,0.15316,0.38509,0.029444,0.1792,0.29288,0.18778,0.14712,0.15316,0.20596,0.080652,0.098077,0.053214,0.005,0.00625,0.1792,0.069706,0.20939,0.14712,0.025833,0.0898,0.005,0.37821,0.069706,0.080652,0.053333,0.0898,0.12444,0.029444,0.13448,0.005,0.053214,0.18837
0.77201,0.18575,0.0786,0.055,0.13048,0.52145,0.077083,0.055,0.22227,0.045,0.055,0.060217,0.15288,0.25511,0.22589,0.17962,0.12481,0.060217,0.06,0.13048,0.14156,0.17791,0.48398,0.060217,0.060217,0.3451,0.3451,0.33435,0.0175,0.26032,0.060217,0.28281,0.30847,0.15485,0.055,0.13048,0.17962,0.06,0.005,0.17708,0.17529,0.52821,0.36104,0.045,0.20671,0.005,0.21161,0.015,0.060217,0.055,0.12298,0.13048,0.020714,0.21895,0.005,0.01375,0.060217
0.76488,0.059643,0.015,0.068,0.095667,0.86741,0.11059,0.061944,0.117,0.023571,0.081136,0.015,0.23833,0.029375,0.22737,0.11059,0.095345,0.15069,0.2666,0.095345,0.22737,0.25433,0.2666,0.015,0.094583,0.11059,0.23833,0.059643,0.2725,0.50514,0.081136,0.37873,0.31918,0.49428,0.036667,0.095345,0.059643,0.1627,0.061944,0.3656,0.061944,0.25433,0.18947,0.061944,0.25433,0.005,0.095345,0.067105,0.083043,0.059643,0.095345,0.73877,0.015,0.60519,0.01,0.059643,0.11059
0.7499,0.13825,0.135,0.51143,0.1278,0.51143,0.1946,0.13543,0.083824,0.015,0.38337,0.032222,0.11045,0.13033,0.13825,0.13266,0.076071,0.13033,0.083824,0.10684,0.11045,0.13825,0.24413,0.076071,0.14709,0.135,0.38528,0.032222,0.079833,0.287,0.073182,0.12022,0.13033,0.287,0.073182,0.11045,0.12313,0.032222,0.032222,0.33176,0.14709,0.48889,0.24596,0.13825,0.10684,0.005,0.22856,0.032222,0.13033,0.13266,0.14709,0.13033,0.005,0.287,0.005,0.13825,0.076071
0.74286,0.17351,0.10833,0.21677,0.0375,0.21677,0.30928,0.11703,0.23952,0.012,0.11703,0.30928,0.073696,0.027143,0.30928,0.24021,0.21677,0.061,0.040385,0.17513,0.034318,0.15471,0.10833,0.056974,0.03,0.080417,0.66305,0.10833,0.30928,0.38604,0.045667,0.1347,0.24021,0.10833,0.054167,0.065952,0.073696,0.034318,0.0125,0.68951,0.24021,0.56,0.10833,0.049063,0.0932,0.005,0.045667,0.03,0.2525,0.24021,0.050294,0.16819,0.005,0.13706,0.0066667,0.24021,0.012
0.75511,0.0918,0.0918,0.10611,0.04,0.16351,0.027143,0.04,0.13857,0.04,0.1811,0.083056,0.23056,0.10875,0.1811,0.2717,0.20784,0.17628,0.027143,0.04,0.26235,0.16351,0.4075,0.027143,0.085,0.18256,0.1155,0.13676,0.0918,0.04,0.083158,0.080588,0.0918,0.25585,0.18256,0.51764,0.070938,0.04,0.0075,0.32015,0.13516,0.26235,0.49667,0.46892,0.17628,0.005,0.1155,0.0918,0.13676,0.04,0.095769,0.23533,0.0083333,0.57116,0.027143,0.13676,0.04
0.75365,0.25313,0.10722,0.25313,0.005,0.64571,0.155,0.2654,0.043437,0.013889,0.037273,0.039286,0.15226,0.10722,0.19038,0.19038,0.037273,0.039286,0.18931,0.10087,0.479,0.052647,0.28663,0.005,0.040667,0.22024,0.2654,0.24065,0.005,0.33047,0.24065,0.063889,0.11207,0.22558,0.22036,0.039286,0.10722,0.013125,0.005,0.33546,0.155,0.28663,0.19038,0.069474,0.17457,0.005,0.11207,0.155,0.075714,0.191,0.12617,0.075714,0.005,0.22875,0.005,0.083636,0.10722
0.76017,0.21844,0.086905,0.20034,0.015,0.20034,0.20034,0.086316,0.11778,0.021667,0.14065,0.20034,0.11819,0.0325,0.45038,0.20034,0.23298,0.013333,0.061806,0.015,0.11327,0.20034,0.45038,0.005,0.011667,0.20034,0.20034,0.059118,0.27143,0.48148,0.16,0.20034,0.63116,0.20034,0.086905,0.14065,0.038333,0.040938,0.005,0.24094,0.19485,0.4825,0.112,0.013125,0.10708,0.005,0.20034,0.013125,0.11786,0.3474,0.10708,0.23298,0.005,0.2722,0.005,0.025385,0.10708
0.7474,0.1313,0.34823,0.37941,0.027727,0.23115,0.24457,0.0992,0.027727,0.027727,0.035,0.095625,0.23115,0.07625,0.18359,0.2814,0.054643,0.027727,0.23115,0.07881,0.368,0.074412,0.45082,0.005,0.058333,0.198,0.55063,0.25131,0.22826,0.17931,0.082955,0.14821,0.31202,0.36316,0.095625,0.18359,0.28795,0.066562,0.027727,0.30511,0.040385,0.52232,0.24025,0.027727,0.198,0.0025,0.31202,0.18359,0.46877,0.075526,0.12115,0.50199,0.0125,0.198,0.0125,0.027727,0.075526
0.73476,0.3762,0.15778,0.37278,0.086842,0.69862,0.32221,0.53627,0.14696,0.072143,0.23757,0.15269,0.040417,0.46,0.12143,0.1769,0.25574,0.025,0.32221,0.465,0.32966,0.32221,0.46,0.040417,0.086842,0.15269,0.4202,0.029444,0.4202,0.086842,0.24139,0.17883,0.40702,0.4202,0.071538,0.23757,0.32221,0.03425,0.024,0.32221,0.21879,0.465,0.21879,0.086842,0.15269,0.005,0.21661,0.029444,0.10225,0.16196,0.0066667,0.27053,0.0225,0.14696,0.005,0.086842,0.029444
0.73636,0.34155,0.11969,0.22073,0.14071,0.22955,0.4249,0.13536,0.14071,0.0445,0.20419,0.056923,0.13536,0.044375,0.14071,0.087353,0.25309,0.23839,0.20419,0.087353,0.13536,0.2269,0.26653,0.056923,0.0445,0.21025,0.57236,0.13536,0.14071,0.44846,0.11935,0.087353,0.11935,0.22955,0.21025,0.11935,0.14071,0.016,0.0075,0.47821,0.21025,0.74455,0.2512,0.073929,0.056923,0.0075,0.14071,0.11935,0.14071,0.11935,0.013333,0.11935,0.016,0.58091,0.019167,0.031071,0.26653
0.72372,0.18437,0.11559,0.2938,0.016667,0.35632,0.08375,0.0375,0.044412,0.0066667,0.072857,0.0645,0.017,0.30882,0.48918,0.38046,0.041667,0.009,0.2467,0.086786,0.20163,0.14554,0.23244,0.041667,0.016667,0.31851,0.28163,0.17295,0.050526,0.10556,0.10556,0.041667,0.17295,0.074318,0.009,0.20163,0.23832,0.025455,0.076739,0.14214,0.10703,0.57268,0.10431,0.11348,0.050526,0.005,0.14554,0.19049,0.22432,0.016667,0.044412,0.25688,0.016667,0.086786,0.0066667,0.086,0.086731
0.72336,0.34727,0.57829,0.35713,0.13935,0.34727,0.80906,0.12292,0.138,0.033333,0.13935,0.12786,0.13935,0.033333,0.46716,0.15481,0.14587,0.19177,0.061875,0.23487,0.35589,0.60432,0.36385,0.063889,0.13935,0.23487,0.35713,0.061875,0.17482,0.53354,0.19177,0.19177,0.34727,0.14587,0.23371,0.0755,0.033333,0.33725,0.018333,0.39555,0.23487,0.38347,0.44235,0.23487,0.21906,0.005,0.13935,0.11182,0.22588,0.12786,0.13979,0.34727,0.0125,0.13935,0.13935,0.13935,0.22588
0.73166,0.094737,0.15288,0.12,0.1755,0.44185,0.33557,0.0605,0.10652,0.10652,0.22111,0.21303,0.23837,0.10652,0.23837,0.38896,0.084615,0.034286,0.23837,0.23837,0.43808,0.37191,0.1392,0.02375,0.10652,0.22029,0.21824,0.034286,0.1755,0.344,0.045,0.27768,0.33279,0.32625,0.56905,0.37,0.094737,0.43808,0.034286,0.72647,0.091333,0.42929,0.43808,0.44185,0.0605,0.0025,0.094737,0.084615,0.1755,0.19629,0.16333,0.091333,0.094737,0.084615,0.005,0.20594,0.013333
0.73078,0.18971,0.31606,0.10904,0.14097,0.43047,0.26122,0.102,0.089375,0.102,0.085,0.0665,0.1925,0.054375,0.23767,0.22158,0.19622,0.102,0.23807,0.13621,0.39122,0.23767,0.16522,0.047143,0.035833,0.48714,0.4862,0.40431,0.13018,0.40431,0.4075,0.102,0.31606,0.102,0.089375,0.060556,0.16522,0.025,0.091765,0.32135,0.089375,0.63955,0.23573,0.102,0.102,0.005,0.22647,0.1405,0.102,0.15469,0.032,0.23573,0.01,0.10981,0.016667,0.089375,0.089375
0.73001,0.10481,0.10481,0.065,0.22564,0.40968,0.2272,0.3271,0.071111,0.071111,0.25385,0.10481,0.105,0.30327,0.42143,0.34637,0.16682,0.10481,0.049722,0.2272,0.23813,0.065,0.084,0.0125,0.065,0.25385,0.24793,0.22564,0.1521,0.24793,0.18946,0.065,0.40968,0.35311,0.10481,0.23453,0.0565,0.1521,0.049722,0.35311,0.15656,0.17686,0.08,0.096136,0.23453,0.005,0.068125,0.049722,0.065,0.096136,0.14672,0.049722,0.005,0.17686,0.0083333,0.049722,0.17917
0.73135,0.14987,0.054667,0.12267,0.08125,0.33765,0.57325,0.14,0.24082,0.12267,0.034444,0.3354,0.051429,0.12267,0.24856,0.58728,0.03375,0.10417,0.14987,0.12267,0.14987,0.12267,0.2676,0.034444,0.12267,0.58728,0.12359,0.12267,0.051429,0.14314,0.12267,0.16738,0.12359,0.12359,0.3301,0.16122,0.11921,0.10417,0.051429,0.12267,0.19097,0.58728,0.13318,0.051429,0.14987,0.005,0.24082,0.034444,0.19097,0.034444,0.051429,0.43375,0.005,0.12267,0.016667,0.034444,0.14389
0.72921,0.14608,0.14608,0.20826,0.093913,0.32133,0.14608,0.14608,0.37327,0.080682,0.27389,0.1156,0.05125,0.077,0.20238,0.12654,0.080682,0.017857,0.063947,0.14608,0.044643,0.14608,0.31323,0.061389,0.044643,0.14608,0.68629,0.029091,0.3315,0.34431,0.20238,0.14608,0.2884,0.48068,0.1156,0.05125,0.024375,0.061389,0.0083333,0.20238,0.14608,0.26261,0.14608,0.28022,0.20238,0.005,0.017857,0.044643,0.46815,0.017857,0.027778,0.20238,0.005,0.43925,0.00875,0.14608,0.029091
0.69113,0.14617,0.1,0.29181,0.11,0.38849,0.094444,0.13923,0.1,0.1677,0.29229,0.11,0.15279,0.063571,0.13923,0.27822,0.27822,0.13923,0.13923,0.3717,0.15279,0.15386,0.2863,0.13923,0.52549,0.15279,0.41903,0.196,0.145,0.22488,0.1,0.24849,0.52549,0.38849,0.145,0.22488,0.038,0.13923,0.03875,0.13923,0.15279,0.38849,0.196,0.196,0.13923,0.01,0.145,0.011667,0.1677,0.094444,0.038,0.29714,0.011667,0.13923,0.10533,0.1,0.10533
0.70787,0.026875,0.14047,0.059118,0.050714,0.15129,0.055,0.084286,0.0066667,0.092778,0.084348,0.029444,0.033636,0.2,0.35741,0.40945,0.17799,0.084286,0.07,0.050714,0.19919,0.15789,0.66446,0.088542,0.12919,0.34534,0.29286,0.084348,0.092778,0.17799,0.093214,0.084286,0.0886,0.2088,0.15556,0.2088,0.16885,0.12919,0.0066667,0.2964,0.22426,0.35104,0.15789,0.19845,0.34644,0.019167,0.15129,0.025714,0.15129,0.12919,0.04375,0.059118,0.033636,0.26844,0.0066667,0.014,0.0125
0.68826,0.29187,0.49047,0.22485,0.14476,0.67629,0.44038,0.09125,0.05,0.24155,0.097333,0.24155,0.26904,0.18043,0.189,0.24155,0.25023,0.22185,0.11382,0.097333,0.097333,0.16886,0.31133,0.097333,0.09125,0.189,0.57986,0.12,0.22485,0.23703,0.23703,0.24155,0.42157,0.22485,0.26424,0.097333,0.26424,0.24442,0.10219,0.23703,0.22485,0.62027,0.23703,0.09125,0.4143,0.0025,0.097333,0.064,0.14476,0.097333,0.21673,0.22485,0.05125,0.24155,0.05,0.14476,0.22485
0.69756,0.16317,0.46819,0.24784,0.099286,0.33294,0.28015,0.10579,0.23357,0.11958,0.23357,0.005,0.16317,0.034583,0.3219,0.16317,0.10579,0.017,0.25567,0.045,0.23357,0.23357,0.275,0.099286,0.078,0.63754,0.35385,0.15885,0.23357,0.11958,0.27844,0.16317,0.23855,0.17359,0.10579,0.17359,0.10579,0.11958,0.11958,0.23357,0.11958,0.59877,0.41868,0.27844,0.15885,0.005,0.098542,0.038929,0.23357,0.10579,0.23357,0.23357,0.01375,0.23357,0.046667,0.091591,0.005
0.70834,0.051607,0.31676,0.69786,0.07125,0.24651,0.05625,0.051538,0.055667,0.025,0.015,0.10688,0.07125,0.16125,0.1315,0.26078,0.22053,0.17279,0.094674,0.1106,0.34858,0.34858,0.46278,0.1315,0.025556,0.28771,0.23775,0.016429,0.057353,0.19629,0.28771,0.045417,0.57041,0.26902,0.081591,0.16621,0.11852,0.1315,0.0275,0.31592,0.081591,0.20833,0.24619,0.06,0.22053,0.005,0.11852,0.016429,0.23045,0.31676,0.016429,0.26057,0.005,0.13331,0.005,0.2439,0.033636
0.68806,0.15161,0.14538,0.17829,0.134,0.69759,0.14538,0.16347,0.13237,0.058929,0.18988,0.014167,0.18964,0.014167,0.65255,0.34819,0.0495,0.057083,0.16347,0.17263,0.088056,0.49395,0.64611,0.16347,0.075,0.16347,0.69836,0.067,0.14538,0.49209,0.17829,0.17263,0.33793,0.17829,0.14538,0.14538,0.16347,0.014167,0.057083,0.16347,0.039375,0.80911,0.63127,0.16347,0.45328,0.034286,0.058846,0.014167,0.1569,0.28667,0.075,0.14538,0.014167,0.23295,0.005,0.039444,0.14574
0.69158,0.12121,0.15714,0.15714,0.055385,0.36304,0.17146,0.17146,0.10192,0.015714,0.23989,0.025,0.17146,0.01,0.47824,0.15344,0.22048,0.015,0.025,0.15714,0.17146,0.094048,0.23989,0.01,0.08,0.17146,0.47824,0.094048,0.10611,0.68409,0.15344,0.10192,0.29643,0.14517,0.014,0.36304,0.47824,0.10192,0.086333,0.26394,0.094048,0.83946,0.11161,0.25837,0.088235,0.01,0.26854,0.025,0.10192,0.049583,0.24033,0.094048,0.020625,0.15826,0.0125,0.088235,0.10192
0.69413,0.12431,0.11912,0.1364,0.14407,0.49237,0.19357,0.15783,0.1364,0.049167,0.050714,0.12737,0.24146,0.25186,0.3626,0.3626,0.3462,0.13625,0.087,0.096563,0.49237,0.087,0.49237,0.0125,0.049167,0.20462,0.3462,0.1364,0.087,0.18672,0.20462,0.14534,0.2503,0.19357,0.36991,0.20462,0.19958,0.07375,0.1364,0.087,0.087,0.3462,0.20351,0.14534,0.1364,0.005,0.16226,0.14407,0.3462,0.19357,0.087,0.3462,0.0125,0.29818,0.0125,0.087,0.32039
0.70051,0.078478,0.12971,0.10828,0.078478,0.53858,0.13243,0.078478,0.066607,0.10113,0.0315,0.17693,0.35346,0.10113,0.2325,0.094808,0.0315,0.10113,0.17693,0.094808,0.0275,0.17561,0.67827,0.078478,0.16878,0.078478,0.28355,0.046875,0.2325,0.60773,0.2325,0.074,0.078478,0.30657,0.066607,0.19356,0.17013,0.12971,0.0275,0.17013,0.074063,0.69446,0.16431,0.038636,0.10113,0.0025,0.09963,0.0275,0.078478,0.17561,0.17693,0.2325,0.0175,0.089375,0.0275,0.0275,0.0275
0.67875,0.12931,0.16508,0.172,0.16705,0.79955,0.79278,0.12781,0.093846,0.16705,0.12931,0.0475,0.12931,0.16705,0.53196,0.60476,0.018333,0.045,0.12931,0.32915,0.12931,0.12931,0.45867,0.12912,0.043571,0.16562,0.5054,0.16705,0.018333,0.16508,0.12931,0.67439,0.045,0.16705,0.12931,0.12931,0.10467,0.018333,0.19402,0.10467,0.16705,0.80946,0.40333,0.16705,0.23679,0.0025,0.12931,0.12931,0.32598,0.32178,0.093846,0.30198,0.018333,0.30523,0.015,0.093846,0.12931
0.67366,0.037,0.29744,0.30267,0.22,0.23595,0.22,0.22,0.30267,0.076389,0.23595,0.22,0.23595,0.037,0.46639,0.38689,0.06,0.037,0.044583,0.43548,0.22,0.23595,0.23595,0.02,0.037,0.28774,0.36948,0.015,0.15025,0.30979,0.10395,0.063437,0.29286,0.45698,0.59595,0.22,0.047692,0.037,0.41529,0.23595,0.22,0.6046,0.15262,0.3929,0.28774,0.015,0.22,0.076389,0.25359,0.30979,0.24868,0.23595,0.015,0.23595,0.039545,0.03,0.062333
0.66385,0.2053,0.065625,0.12803,0.11793,0.38311,0.24936,0.11,0.15639,0.095476,0.24495,0.056071,0.12803,0.068333,0.3524,0.2053,0.048269,0.030833,0.12083,0.1006,0.35519,0.1006,0.26417,0.030833,0.048269,0.11536,0.72125,0.048182,0.23044,0.15639,0.20857,0.40213,0.095476,0.22209,0.35519,0.19865,0.058,0.14353,0.030833,0.1006,0.095476,0.58059,0.1006,0.23044,0.11536,0.0075,0.2053,0.03125,0.12803,0.048182,0.068333,0.31077,0.035,0.03125,0.0075,0.2053,0.030833
0.67658,0.1136,0.21013,0.39386,0.24488,0.82853,0.41438,0.21013,0.15482,0.068214,0.092188,0.068214,0.068214,0.1136,0.41111,0.41438,0.15019,0.1805,0.105,0.105,0.24488,0.21013,0.4184,0.03,0.068214,0.4184,0.55282,0.12154,0.21013,0.1136,0.19576,0.1805,0.46306,0.19576,0.105,0.41438,0.068214,0.068214,0.105,0.41439,0.068214,0.4184,0.39386,0.21013,0.18823,0.01,0.1117,0.068214,0.068214,0.21013,0.105,0.4184,0.068214,0.35631,0.070667,0.068214,0.068214
0.6751,0.1773,0.11714,0.46673,0.29919,0.41469,0.11714,0.064167,0.11792,0.075714,0.26841,0.11147,0.29919,0.32633,0.67864,0.14017,0.049688,0.16412,0.11714,0.11714,0.145,0.14017,0.52,0.0275,0.049688,0.59921,0.70174,0.011,0.14414,0.26841,0.14414,0.14017,0.54572,0.30216,0.075714,0.14414,0.079,0.064167,0.064167,0.5348,0.14017,0.5966,0.11792,0.14017,0.14414,0.0025,0.11792,0.011,0.062778,0.41469,0.094531,0.40413,0.005,0.26841,0.01,0.14414,0.14017
0.69032,0.26611,0.023,0.11556,0.0066667,0.24339,0.24339,0.3806,0.12,0.10294,0.066875,0.18897,0.048,0.37865,0.24339,0.3806,0.1238,0.041111,0.3101,0.12,0.15,0.3239,0.50073,0.041111,0.15336,0.24339,0.2608,0.1238,0.125,0.3101,0.041111,0.081,0.081,0.18897,0.1804,0.24339,0.1804,0.066875,0.12087,0.24339,0.37225,0.58683,0.24593,0.10294,0.125,0.005,0.24339,0.025,0.21986,0.30902,0.066923,0.11658,0.0066667,0.3101,0.01375,0.18897,0.12
0.64901,0.2265,0.51197,0.18354,0.11765,0.37054,0.31182,0.13667,0.21014,0.20329,0.11765,0.047,0.18944,0.078,0.3824,0.26372,0.16326,0.11765,0.22218,0.20329,0.13475,0.18944,0.63409,0.061786,0.26372,0.22218,0.60144,0.4231,0.26372,0.22041,0.1906,0.20329,0.20329,0.37484,0.061786,0.13475,0.34656,0.1906,0.10333,0.76862,0.085909,0.60144,0.20329,0.13111,0.20329,0.018333,0.14023,0.018333,0.4231,0.11765,0.47314,0.063333,0.063333,0.18944,0.018333,0.11765,0.047
0.65234,0.18868,0.23764,0.32948,0.24193,0.49605,0.18868,0.25109,0.15522,0.027,0.046786,0.091111,0.24175,0.23895,0.4819,0.47118,0.17732,0.046786,0.1244,0.21903,0.1215,0.18016,0.30979,0.052333,0.25109,0.24193,0.78933,0.044583,0.17845,0.17222,0.39196,0.24193,0.17222,0.24175,0.087941,0.24193,0.041667,0.093684,0.0225,0.37425,0.085,0.46264,0.18016,0.14636,0.17222,0.0225,0.21903,0.041667,0.16625,0.35786,0.043,0.027,0.027,0.041667,0.028333,0.18016,0.044583
0.64026,0.2425,0.04375,0.026875,0.0175,0.27927,0.46327,0.20519,0.063462,0.051667,0.12531,0.02,0.22455,0.17545,0.4406,0.31958,0.051667,0.02,0.04375,0.40092,0.27927,0.20641,0.59332,0.27927,0.1787,0.20641,0.44304,0.16224,0.28826,0.28826,0.17545,0.20641,0.28826,0.27927,0.28595,0.087667,0.27927,0.12574,0.20641,0.16224,0.17545,0.75603,0.20641,0.31894,0.19708,0.01,0.27927,0.0175,0.20519,0.49778,0.59332,0.27927,0.077143,0.20641,0.02,0.0175,0.28826
0.6645,0.15815,0.20236,0.26781,0.268,0.21917,0.26322,0.14083,0.16797,0.1308,0.21917,0.10176,0.20878,0.10176,0.42273,0.15815,0.1522,0.037222,0.10176,0.21178,0.34972,0.26781,0.30887,0.023,0.040417,0.22012,0.42009,0.10176,0.1308,0.31067,0.040417,0.053462,0.71464,0.25011,0.1308,0.16797,0.26781,0.16864,0.037222,0.1308,0.024167,0.21872,0.12583,0.26781,0.19824,0.005,0.16397,0.13554,0.21917,0.20236,0.037222,0.16797,0.040417,0.16397,0.005,0.01875,0.018333
0.65626,0.14625,0.37462,0.25278,0.12816,0.77384,0.3002,0.3002,0.095,0.14625,0.068889,0.18136,0.18136,0.095,0.25989,0.34933,0.20282,0.068889,0.2155,0.03625,0.139,0.139,0.3002,0.044,0.18136,0.26223,0.50145,0.139,0.095,0.19959,0.22012,0.063571,0.2206,0.39764,0.095,0.19958,0.19958,0.12765,0.095,0.18136,0.12778,0.3002,0.03625,0.139,0.18136,0.005,0.20282,0.08,0.25278,0.139,0.063571,0.12687,0.03625,0.19958,0.139,0.25278,0.14587
0.64602,0.13587,0.28224,0.078333,0.13587,0.70879,0.14979,0.08875,0.13587,0.07875,0.078333,0.28224,0.13587,0.078333,0.48196,0.13587,0.4337,0.16883,0.13587,0.16883,0.16883,0.35293,0.37989,0.38833,0.078333,0.26814,0.66875,0.105,0.46106,0.65896,0.48061,0.07875,0.08875,0.7005,0.16883,0.3714,0.23971,0.23971,0.078333,0.16919,0.17375,0.50635,0.29206,0.48196,0.16883,0.078333,0.36238,0.078889,0.155,0.28224,0.0885,0.48061,0.28276,0.13587,0.13587,0.13587,0.13587
0.64171,0.18796,0.28784,0.2548,0.13226,0.4475,0.29261,0.13226,0.13226,0.15292,0.288,0.13226,0.40157,0.22614,0.7383,0.0375,0.13226,0.19464,0.31298,0.13226,0.42817,0.3902,0.25795,0.023,0.061667,0.13226,0.52736,0.1125,0.19938,0.23778,0.14196,0.13226,0.28784,0.28784,0.25795,0.061667,0.33781,0.023,0.023,0.40157,0.18796,0.27937,0.22118,0.19938,0.19938,0.023,0.28784,0.14196,0.4475,0.18796,0.13226,0.13226,0.023,0.19938,0.22118,0.13226,0.061667
0.65116,0.10976,0.17811,0.11217,0.04125,0.3701,0.23143,0.25656,0.050833,0.0083333,0.125,0.13492,0.37673,0.061667,0.39066,0.42546,0.061667,0.078542,0.17529,0.10976,0.14113,0.078542,0.454,0.094118,0.23143,0.094118,0.46902,0.1453,0.0665,0.24651,0.12673,0.061667,0.11333,0.25656,0.1453,0.13492,0.13492,0.050833,0.25656,0.23143,0.15574,0.3701,0.17811,0.094118,0.094118,0.005,0.18538,0.11,0.10976,0.32224,0.13492,0.25656,0.005,0.24886,0.10976,0.17954,0.094118
0.63898,0.26,0.13804,0.26,0.10625,0.94571,0.4401,0.021,0.27235,0.10625,0.13069,0.18593,0.28631,0.10625,0.66118,0.4199,0.28631,0.01625,0.25725,0.13069,0.14208,0.28631,0.54029,0.10625,0.0725,0.32943,0.4199,0.0225,0.10625,0.344,0.5788,0.28631,0.26,0.28631,0.080909,0.13184,0.4199,0.13804,0.057857,0.82046,0.28631,0.8445,0.32943,0.13675,0.28631,0.01625,0.080909,0.17038,0.4199,0.25379,0.17038,0.22768,0.005,0.28631,0.01625,0.1375,0.080909
0.61745,0.10333,0.4342,0.086429,0.039,0.43941,0.068125,0.1138,0.16737,0.14621,0.45385,0.068125,0.16737,0.16737,0.14621,0.1778,0.1138,0.64694,0.082,0.16737,0.22139,0.22391,0.18833,0.1375,0.10895,0.1778,0.64694,0.039,0.71161,0.1778,0.1375,0.16737,0.1138,0.2384,0.10895,0.19875,0.14367,0.14621,0.086429,0.1138,0.06,0.65468,0.1138,0.10895,0.082955,0.015,0.37133,0.14367,0.1375,0.19593,0.086429,0.1138,0.035,0.25729,0.082,0.039,0.10895
0.6475,0.11219,0.18625,0.11368,0.0355,0.5855,0.63277,0.16042,0.2525,0.0355,0.14682,0.1765,0.2525,0.31,0.28825,0.49962,0.21069,0.062955,0.33688,0.18625,0.30299,0.21069,0.58051,0.0355,0.30045,0.3706,0.38971,0.1765,0.11219,0.1765,0.30299,0.21069,0.1765,0.2691,0.29151,0.29151,0.11368,0.0355,0.0355,0.5609,0.1765,0.3706,0.1765,0.0355,0.11219,0.01,0.11219,0.0355,0.1265,0.21069,0.0355,0.16022,0.0355,0.11219,0.11368,0.1281,0.29151
0.63802,0.24,0.18686,0.14036,0.10441,0.36696,0.20947,0.072,0.22537,0.086071,0.11619,0.24,0.38173,0.074444,0.18686,0.083333,0.79589,0.083333,0.11368,0.24,0.18686,0.24,0.31173,0.005,0.19625,0.30125,0.54618,0.20947,0.13688,0.14036,0.13688,0.14036,0.24,0.36696,0.098125,0.098125,0.083333,0.11425,0.16419,0.43406,0.13688,0.24,0.51273,0.15483,0.074444,0.005,0.16419,0.30125,0.11368,0.074444,0.086071,0.21115,0.0525,0.16578,0.031667,0.14036,0.074444
0.61802,0.185,0.045,0.16871,0.30958,0.50184,0.26359,0.23511,0.2331,0.021667,0.139,0.139,0.16871,0.045,0.30958,0.4039,0.048077,0.049643,0.060556,0.139,0.18608,0.064342,0.62595,0.045,0.23511,0.22354,0.51486,0.019,0.20882,0.44212,0.223,0.10714,0.32531,0.139,0.42314,0.139,0.050469,0.0325,0.09475,0.223,0.145,0.92683,0.139,0.050469,0.139,0.005,0.045,0.139,0.047083,0.145,0.019,0.26359,0.0075,0.139,0.0083333,0.055294,0.145
0.64927,0.32093,0.39946,0.11632,0.16242,0.63809,0.11826,0.51439,0.075833,0.176,0.015,0.16217,0.17878,0.019062,0.40328,0.44735,0.087143,0.01375,0.16017,0.35033,0.35033,0.12896,0.77527,0.01375,0.14865,0.1476,0.43918,0.024444,0.11826,0.16985,0.40328,0.11826,0.26671,0.21395,0.63809,0.11826,0.01375,0.16017,0.015,0.47554,0.075833,0.50418,0.22051,0.16242,0.16017,0.01375,0.11826,0.087143,0.26671,0.11826,0.16242,0.28089,0.11632,0.0645,0.015,0.17667,0.10483
0.62505,0.16452,0.1668,0.30105,0.15395,0.36082,0.24595,0.1668,0.31318,0.047,0.0925,0.23274,0.24595,0.16452,0.3619,0.31318,0.1668,0.31318,0.17759,0.13633,0.15395,0.20518,0.33183,0.04,0.1668,0.36082,0.91701,0.051667,0.31318,0.22783,0.45466,0.051667,0.61223,0.09625,0.17759,0.31318,0.22259,0.04,0.12643,0.36082,0.46047,0.61223,0.24595,0.051667,0.24595,0.04,0.15395,0.09625,0.31318,0.13875,0.24595,0.43637,0.12643,0.36082,0.047,0.051667,0.24595
0.62328,0.28989,0.17283,0.055,0.11906,0.92192,0.3999,0.20567,0.20393,0.045,0.055,0.10233,0.20635,0.17283,0.38541,0.17283,0.17283,0.055,0.18021,0.20635,0.16111,0.23337,0.23818,0.045,0.055,0.20567,0.47548,0.23818,0.52052,0.35489,0.19333,0.055,0.23818,0.21205,0.70323,0.20635,0.19288,0.20635,0.072143,0.52292,0.17283,0.36635,0.23818,0.15853,0.29337,0.025,0.19288,0.045,0.20635,0.20737,0.20635,0.41549,0.046,0.20635,0.055,0.055,0.055
0.59169,0.36296,0.1275,0.405,0.22266,0.30589,0.29651,0.26895,0.19982,0.12375,0.22266,0.15158,0.405,0.16826,0.44208,0.16826,0.14618,0.1275,0.22266,0.36296,0.29651,0.26347,0.22266,0.135,0.15158,0.52314,0.50032,0.16075,0.1275,0.56375,0.26347,0.17979,0.35372,0.29651,0.1275,0.30589,0.14467,0.14467,0.19982,0.26347,0.14467,0.35372,0.19982,0.3733,0.16826,0.0275,0.0275,0.1275,0.26622,0.14618,0.28125,0.185,0.12864,0.28125,0.26347,0.1275,0.12375
0.60854,0.35557,0.14184,0.138,0.52922,0.69605,0.60231,0.22306,0.138,0.099167,0.15333,0.16023,0.30977,0.14184,0.54514,0.25278,0.20342,0.14184,0.0525,0.138,0.4538,0.19233,0.69605,0.099167,0.138,0.13812,0.71683,0.43085,0.22424,0.23986,0.1687,0.26723,0.37656,0.28232,0.30012,0.1614,0.11429,0.138,0.138,0.22424,0.18732,0.52922,0.43085,0.138,0.27256,0.0525,0.27313,0.0525,0.15333,0.138,0.16808,0.16104,0.4573,0.27256,0.0525,0.23986,0.16104
0.59317,0.092778,0.12091,0.22859,0.02,0.25043,0.205,0.13667,0.12091,0.17734,0.22859,0.22859,0.22043,0.090417,0.58441,0.038333,0.17534,0.30466,0.12075,0.092778,0.43357,0.13667,0.38313,0.087,0.087,0.17734,0.58441,0.38313,0.092778,0.58441,0.54779,0.22859,0.092778,0.25381,0.63357,0.17534,0.038333,0.087,0.038571,0.4951,0.23325,0.4346,0.17534,0.092778,0.16596,0.021667,0.087727,0.093421,0.36174,0.205,0.17734,0.33267,0.038333,0.25977,0.02,0.092778,0.1571
0.6084,0.074706,0.16137,0.18682,0.033333,0.60227,0.28549,0.094762,0.129,0.074706,0.0655,0.038333,0.10923,0.074706,0.26724,0.42066,0.0954,0.038333,0.15303,0.094762,0.11138,0.10926,0.78629,0.23022,0.067273,0.28215,0.23022,0.094762,0.0954,0.0954,0.0655,0.16137,0.18174,0.074706,0.13274,0.16137,0.038333,0.18174,0.0655,0.30428,0.16137,0.55176,0.16137,0.16137,0.25309,0.078056,0.0655,0.074706,0.074706,0.16137,0.16768,0.0954,0.01125,0.11138,0.01,0.13281,0.26719
0.61249,0.081667,0.18542,0.3262,0.093462,0.41822,0.175,0.17662,0.20905,0.11194,0.093462,0.10625,0.24134,0.093462,0.41196,0.12023,0.072,0.16518,0.081667,0.093462,0.17662,0.22387,0.61879,0.11194,0.17662,0.40455,0.37694,0.22387,0.29967,0.32798,0.18114,0.081667,0.53703,0.56065,0.16518,0.16518,0.11194,0.16518,0.27705,0.36656,0.25798,0.59941,0.16518,0.12023,0.12772,0.005,0.27705,0.06125,0.17662,0.12023,0.081667,0.22387,0.013333,0.175,0.013333,0.12023,0.11194
0.58946,0.16828,0.58108,0.28244,0.38322,0.27851,0.38322,0.40196,0.11833,0.062857,0.062857,0.14739,0.11708,0.41063,0.86406,0.24618,0.11708,0.18677,0.11708,0.14739,0.17258,0.452,0.83014,0.025,0.25931,0.31881,0.73662,0.0425,0.24618,0.31104,0.452,0.11833,0.14833,0.16828,0.11708,0.25931,0.13684,0.16828,0.11708,0.58269,0.11833,0.72717,0.28244,0.12206,0.3214,0.005,0.13684,0.062857,0.16828,0.41063,0.19078,0.14739,0.14739,0.16828,0.035,0.12206,0.29437
0.58885,0.20092,0.17266,0.33145,0.020833,0.58426,0.32958,0.21902,0.21902,0.13318,0.15742,0.098667,0.1565,0.13552,0.75125,0.13552,0.10595,0.087692,0.13552,0.13552,0.2306,0.10425,0.51811,0.020833,0.020833,0.13552,0.19071,0.02625,0.13552,0.19071,0.13552,0.10425,0.35961,0.10425,0.044444,0.10425,0.02625,0.090714,0.05,0.27293,0.28234,0.64091,0.25956,0.33145,0.19847,0.020833,0.19071,0.10425,0.087692,0.21902,0.2408,0.2408,0.43423,0.2002,0.020833,0.020833,0.075909
0.57607,0.13962,0.30075,0.45073,0.14107,0.39536,0.25777,0.19348,0.18667,0.2419,0.50985,0.14971,0.25777,0.13962,0.66857,0.55279,0.13962,0.13962,0.2172,0.13962,0.32037,0.25777,0.44205,0.19348,0.13962,0.62352,0.5198,0.22135,0.45073,0.45073,0.25777,0.27179,0.615,0.13962,0.16222,0.13962,0.25777,0.14971,0.13962,0.45073,0.2172,0.63064,0.27179,0.25777,0.25777,0.005,0.43186,0.13962,0.14971,0.49816,0.23,0.13962,0.17675,0.23929,0.16842,0.25777,0.13962
0.58567,0.21397,0.16457,0.3543,0.21397,0.66612,0.21397,0.20268,0.21973,0.071429,0.20268,0.071429,0.22415,0.16381,0.1768,0.16381,0.16381,0.071429,0.10111,0.071429,0.22415,0.39931,0.28163,0.10409,0.23295,0.44611,0.23511,0.22415,0.21917,0.41548,0.11529,0.23295,0.17904,0.23295,0.10111,0.16381,0.22415,0.10409,0.11529,0.23424,0.11529,0.55636,0.11529,0.16457,0.11529,0.04,0.21443,0.071429,0.21371,0.21371,0.1768,0.4417,0.11529,0.23424,0.071429,0.21224,0.26167
0.58764,0.15658,0.11179,0.18019,0.2931,0.51353,0.60355,0.24371,0.13889,0.23121,0.05875,0.11179,0.29659,0.05875,0.24527,0.34109,0.29659,0.11179,0.23683,0.275,0.38151,0.24527,0.60355,0.078889,0.23121,0.2931,0.4963,0.29205,0.24527,0.18019,0.60355,0.326,0.11179,0.4602,0.22185,0.13889,0.18019,0.05875,0.24527,0.293,0.18019,0.86763,0.38151,0.51774,0.18019,0.005,0.11179,0.053333,0.05875,0.1755,0.24527,0.18019,0.117,0.24527,0.0225,0.13889,0.05875
0.5765,0.21184,0.12833,0.20044,0.26608,0.67745,0.22963,0.53443,0.215,0.10583,0.295,0.26608,0.21184,0.22963,0.48788,0.36291,0.37946,0.1075,0.26608,0.0795,0.25161,0.3475,0.48392,0.3475,0.18333,0.22932,0.3475,0.26608,0.158,0.80817,0.20044,0.37356,0.20044,0.42135,0.26608,0.0795,0.22963,0.18333,0.26608,0.43245,0.22963,0.64481,0.26608,0.22,0.20044,0.0795,0.37356,0.20044,0.26608,0.1075,0.42135,0.3475,0.0795,0.45605,0.0795,0.26608,0.22963
0.58761,0.24595,0.25314,0.28521,0.20542,0.64563,0.21821,0.2045,0.144,0.24037,0.225,0.144,0.3749,0.144,0.45094,0.20542,0.144,0.14687,0.20542,0.22484,0.22484,0.20852,0.57449,0.0425,0.22484,0.20542,0.58809,0.18556,0.34135,0.28521,0.3749,0.18556,0.28267,0.28267,0.22907,0.24037,0.24037,0.14433,0.20852,0.22484,0.144,0.3749,0.23528,0.24037,0.3749,0.005,0.14433,0.144,0.14433,0.2275,0.14433,0.20852,0.144,0.24037,0.066667,0.19237,0.14433
0.58705,0.23019,0.20511,0.48231,0.23172,0.65857,0.46436,0.29951,0.251,0.32788,0.4856,0.1905,0.45097,0.23172,0.45097,0.32662,0.10083,0.12682,0.12682,0.45155,0.41451,0.18833,0.40689,0.12682,0.18321,0.47716,0.33149,0.23019,0.32863,0.45097,0.58509,0.33149,0.33739,0.21315,0.18833,0.13354,0.2775,0.18833,0.10083,0.33739,0.16192,0.1905,0.22594,0.20143,0.23172,0.10083,0.29951,0.18833,0.32788,0.12682,0.2775,0.29,0.10083,0.29951,0.10083,0.11214,0.10083
0.56828,0.061923,0.061923,0.061923,0.21469,0.73188,0.22024,0.13935,0.061923,0.077188,0.12182,0.061923,0.11571,0.1237,0.66199,0.42396,0.53704,0.077353,0.0755,0.21408,0.20286,0.19721,0.64656,0.061923,0.22024,0.64656,0.555,0.061923,0.26047,0.62618,0.21469,0.15018,0.31156,0.098194,0.40098,0.112,0.19677,0.061923,0.061923,0.42396,0.112,0.66427,0.2123,0.061923,0.19721,0.075,0.061923,0.19721,0.13269,0.28017,0.18067,0.2123,0.13269,0.13269,0.061923,0.061923,0.15103
0.57136,0.33684,0.35087,0.20286,0.35087,0.61559,0.1495,0.26091,0.31914,0.19932,0.11167,0.19932,0.26091,0.20286,0.66656,0.28191,0.19932,0.20286,0.19932,0.11167,0.38878,0.19932,0.4551,0.11167,0.19932,0.32892,0.47217,0.35678,0.34603,0.38878,0.26091,0.20286,0.19932,0.19932,0.38196,0.19932,0.11167,0.19932,0.11167,0.26091,0.4313,0.47361,0.45606,0.13357,0.35087,0.11167,0.19932,0.35087,0.35614,0.38878,0.19932,0.32361,0.1495,0.20286,0.1495,0.20286,0.20397
0.57387,0.21897,0.14692,0.44413,0.14042,0.78853,0.14042,0.16929,0.20601,0.14042,0.14042,0.19597,0.19597,0.50085,0.14042,0.16574,0.14042,0.14042,0.14042,0.18823,0.14042,0.20789,0.18172,0.14042,0.19597,0.58736,0.68005,0.14042,0.14042,0.14042,0.14042,0.2245,0.53347,0.14042,0.78853,0.14042,0.53347,0.14042,0.19597,0.5725,0.27619,0.72602,0.36591,0.14042,0.3307,0.04,0.39544,0.18823,0.14042,0.58736,0.235,0.14042,0.14042,0.19597,0.14042,0.14042,0.143
0.56472,0.18,0.25205,0.41704,0.20647,0.49179,0.1875,0.20094,0.18,0.18,0.18,0.17286,0.3924,0.18,0.525,0.2825,0.18,0.17286,0.18,0.22264,0.48712,0.17286,0.27962,0.18,0.18,0.4478,0.61513,0.18,0.17286,0.50495,0.18,0.17286,0.18,0.20032,0.18,0.3924,0.20606,0.25205,0.18931,0.38696,0.28232,0.48712,0.35767,0.18,0.2883,0.025,0.18,0.18,0.2883,0.25205,0.065,0.24319,0.18,0.18,0.18,0.18,0.20032
0.56438,0.093542,0.34951,0.26828,0.26828,0.55106,0.34951,0.37286,0.31808,0.2652,0.29712,0.31808,0.31808,0.23393,0.3819,0.37286,0.37286,0.14077,0.057857,0.057857,0.55106,0.31808,0.63336,0.2469,0.2652,0.37286,0.26983,0.0895,0.29078,0.37286,0.2652,0.26828,0.48606,0.35148,0.2469,0.2469,0.2469,0.0475,0.26828,0.46118,0.35052,0.7775,0.057857,0.31808,0.34988,0.005,0.0895,0.057857,0.2652,0.29078,0.2469,0.2469,0.06375,0.24633,0.057857,0.091591,0.30985
0.5673,0.17385,0.212,0.23833,0.23833,0.79695,0.7094,0.37146,0.17385,0.212,0.212,0.212,0.212,0.20964,0.43485,0.212,0.22103,0.11833,0.2623,0.17385,0.46461,0.47048,0.36819,0.17385,0.22103,0.26821,0.4464,0.1125,0.212,0.21581,0.15833,0.212,0.36819,0.1305,0.212,0.22103,0.212,0.1305,0.212,0.36489,0.212,0.825,0.59217,0.17385,0.36819,0.03,0.28269,0.212,0.212,0.17385,0.29643,0.26697,0.17385,0.28561,0.212,0.212,0.35581
0.56469,0.29826,0.20618,0.089643,0.1925,0.71091,0.35708,0.23886,0.35708,0.12357,0.278,0.10789,0.49332,0.088438,0.72598,0.1925,0.089643,0.1925,0.12357,0.095667,0.39092,0.46755,0.70551,0.088438,0.10789,0.057,0.4639,0.23944,0.1925,0.25135,0.35708,0.17333,0.27368,0.29826,0.17333,0.1925,0.278,0.088438,0.10789,0.31557,0.20364,0.56726,0.089643,0.333,0.12727,0.057,0.10789,0.057,0.29826,0.089643,0.089643,0.089643,0.057,0.1925,0.057,0.1925,0.1834
0.56838,0.43372,0.14909,0.23224,0.11111,0.81449,0.53577,0.14909,0.19083,0.14909,0.14042,0.14042,0.14909,0.19083,0.53577,0.20303,0.18821,0.34011,0.14909,0.20078,0.2711,0.15771,0.8304,0.34011,0.19968,0.27452,0.72731,0.16788,0.34011,0.16788,0.07,0.2102,0.14042,0.5209,0.18821,0.07,0.3712,0.14909,0.2102,0.5209,0.14909,0.8304,0.20662,0.07,0.07,0.07,0.25375,0.086875,0.24897,0.15771,0.2102,0.49807,0.07,0.14909,0.07,0.14909,0.14909
0.55814,0.1475,0.26202,0.20441,0.09925,0.22311,0.19867,0.45798,0.093333,0.33399,0.12917,0.20875,0.20875,0.09925,0.32109,0.09925,0.19891,0.45798,0.19867,0.63005,0.2505,0.23816,0.43143,0.1475,0.09925,0.4325,0.28544,0.16274,0.63005,0.19867,0.19867,0.24423,0.43143,0.19217,0.1475,0.1475,0.19867,0.19867,0.1475,0.69214,0.19891,0.78013,0.1475,0.28544,0.09925,0.093333,0.09925,0.093333,0.19217,0.09925,0.1475,0.26407,0.1475,0.20333,0.12917,0.26202,0.19867
0.55155,0.26786,0.15231,0.26924,0.35512,0.4017,0.36561,0.15231,0.15231,0.194,0.15231,0.194,0.36561,0.19147,0.52548,0.61594,0.15231,0.19147,0.15231,0.19569,0.48214,0.24719,0.64286,0.15786,0.45,0.19569,0.65728,0.194,0.194,0.28026,0.14,0.15231,0.194,0.28387,0.25941,0.19569,0.15231,0.194,0.15231,0.40033,0.4922,0.49294,0.19569,0.24719,0.21933,0.085,0.25941,0.15231,0.27081,0.194,0.28387,0.63014,0.30643,0.16067,0.15231,0.194,0.28451
0.56273,0.23087,0.24038,0.27645,0.16607,0.47995,0.33598,0.38894,0.28531,0.33598,0.23604,0.16607,0.20618,0.50413,0.4705,0.15375,0.33598,0.33598,0.167,0.45061,0.138,0.30914,0.26069,0.15375,0.29894,0.38894,0.74955,0.138,0.20795,0.138,0.78138,0.72958,0.26069,0.38894,0.35674,0.138,0.19187,0.26069,0.20795,0.31405,0.45061,0.35674,0.36273,0.30914,0.138,0.065,0.20795,0.20795,0.24038,0.20795,0.138,0.5841,0.138,0.31405,0.09,0.138,0.26567
0.5402,0.23575,0.28717,0.40082,0.217,0.53683,0.48408,0.23575,0.23575,0.23575,0.246,0.23575,0.34811,0.26679,0.25889,0.246,0.29716,0.34811,0.23575,0.25889,0.32816,0.29485,0.67005,0.217,0.23575,0.34811,0.67005,0.246,0.28717,0.53525,0.34811,0.23575,0.45681,0.53683,0.34811,0.18917,0.18917,0.23575,0.29716,0.246,0.34811,0.84143,0.33308,0.23575,0.23575,0.18917,0.23575,0.23575,0.246,0.29716,0.47818,0.29485,0.29485,0.23575,0.23575,0.29485,0.58014
0.55729,0.22035,0.23789,0.12385,0.0455,0.5044,0.12385,0.25552,0.17681,0.0325,0.12385,0.25552,0.17681,0.12385,0.22012,0.2818,0.22012,0.22012,0.037222,0.10015,0.12023,0.18365,0.39363,0.0325,0.0325,0.12023,0.84705,0.17681,0.23789,0.12023,0.12023,0.17681,0.53732,0.17681,0.22024,0.22012,0.14519,0.17681,0.046154,0.36192,0.16411,0.2818,0.11917,0.048571,0.25552,0.0225,0.17681,0.0225,0.32304,0.075667,0.084687,0.0325,0.0325,0.17681,0.046154,0.046154,0.0325
0.54626,0.21703,0.39208,0.42265,0.035,0.82969,0.42885,0.47462,0.19968,0.29482,0.073571,0.10462,0.17464,0.18095,0.80127,0.14235,0.36713,0.14235,0.17056,0.14381,0.5425,0.10462,0.34822,0.059167,0.15521,0.14381,0.7856,0.098182,0.18833,0.098182,0.1574,0.28525,0.34822,0.059167,0.25611,0.28525,0.28525,0.14361,0.25611,0.28525,0.23029,0.34822,0.14659,0.36554,0.096875,0.02,0.14381,0.14235,0.17056,0.098182,0.11929,0.1537,0.02,0.29565,0.045,0.44951,0.23029
0.55218,0.39977,0.51807,0.21967,0.1525,0.72455,0.27951,0.3881,0.25839,0.30885,0.56934,0.1525,0.1525,0.1525,0.1525,0.45185,0.44511,0.1525,0.1678,0.1525,0.45185,0.1525,0.72455,0.098333,0.1525,0.56934,0.6569,0.30824,0.1525,0.1525,0.1525,0.16125,0.20615,0.30885,0.51149,0.26338,0.21967,0.20929,0.56934,0.3881,0.1525,0.56934,0.267,0.53668,0.26338,0.02,0.26338,0.1525,0.20929,0.1525,0.1525,0.34306,0.1525,0.1525,0.098333,0.1525,0.15696
0.56352,0.14405,0.43587,0.196,0.16375,0.72449,0.15636,0.81701,0.196,0.22262,0.08875,0.14405,0.16375,0.16375,0.34021,0.3659,0.25477,0.14405,0.28244,0.3659,0.47533,0.15935,0.22262,0.14405,0.196,0.28739,0.22027,0.14405,0.16375,0.16969,0.090714,0.1325,0.22262,0.22027,0.42255,0.16375,0.24267,0.24267,0.1325,0.81701,0.14405,0.31032,0.090714,0.090714,0.23817,0.0075,0.1325,0.1325,0.16969,0.16969,0.16969,0.14405,0.1325,0.090714,0.14405,0.090714,0.14405
0.53072,0.10292,0.44604,0.15111,0.10292,0.50977,0.58882,0.20394,0.21771,0.21771,0.26261,0.058333,0.10292,0.28217,0.32827,0.228,0.18521,0.10292,0.28217,0.228,0.14191,0.17478,0.38712,0.14191,0.16227,0.15119,0.38712,0.20464,0.1275,0.21771,0.1954,0.21771,0.10292,0.31032,0.13133,0.15119,0.21986,0.32526,0.058333,0.3332,0.21771,0.74728,0.26261,0.21986,0.21771,0.058333,0.10292,0.20464,0.23939,0.26261,0.10292,0.228,0.12192,0.21771,0.10292,0.15119,0.10292
0.52381,0.50336,0.20758,0.1925,0.27761,0.21853,0.23784,0.24917,0.20758,0.045,0.20758,0.20758,0.1925,0.28667,0.20182,0.10875,0.24917,0.22071,0.20758,0.345,0.20758,0.24917,0.22917,0.12714,0.20758,0.28181,0.68089,0.3658,0.36833,0.24917,0.20758,0.20758,0.20758,0.40906,0.3774,0.20758,0.28181,0.12714,0.20758,0.20758,0.20758,0.50336,0.26326,0.20758,0.20758,0.035,0.20758,0.045,0.1925,0.24917,0.20758,0.20758,0.1255,0.28181,0.20758,0.20758,0.20758
0.53571,0.22525,0.23125,0.15594,0.31847,0.46255,0.49293,0.12467,0.23125,0.23125,0.22525,0.15594,0.058056,0.058056,0.56777,0.23125,0.058056,0.058636,0.058636,0.35217,0.15594,0.23125,0.54636,0.28655,0.14475,0.15594,0.4049,0.12559,0.22525,0.22525,0.54636,0.08625,0.4049,0.46255,0.28655,0.24162,0.12559,0.24538,0.0525,0.50741,0.14475,0.24925,0.33978,0.10321,0.31302,0.0525,0.22525,0.058056,0.23125,0.1704,0.41929,0.058056,0.10321,0.13417,0.0525,0.24538,0.0525
0.51652,0.23872,0.5125,0.2912,0.16308,0.16308,0.25102,0.4999,0.1365,0.22042,0.084,0.2197,0.55358,0.10321,0.16308,0.19967,0.11912,0.16308,0.093636,0.25102,0.271,0.23902,0.88295,0.16643,0.095833,0.2197,0.761,0.16308,0.23902,0.23872,0.16308,0.12361,0.38031,0.22042,0.4307,0.16481,0.084,0.093636,0.093636,0.20516,0.10321,0.761,0.25102,0.11912,0.35557,0.035,0.22042,0.11912,0.23872,0.084,0.093636,0.35557,0.035,0.19379,0.093636,0.1365,0.093636
0.51017,0.14786,0.17347,0.28988,0.27961,0.4516,0.28988,0.17347,0.17347,0.20391,0.13231,0.132,0.27961,0.20391,0.57461,0.29814,0.21423,0.10625,0.068333,0.22602,0.17347,0.27961,0.4516,0.13231,0.24964,0.8267,0.27961,0.21423,0.184,0.60971,0.27961,0.132,0.27961,0.65464,0.63176,0.20391,0.10625,0.4516,0.27961,0.28988,0.62443,0.44957,0.065,0.18211,0.27961,0.065,0.28988,0.10625,0.21423,0.27961,0.32283,0.27961,0.10625,0.10625,0.13231,0.31869,0.32283
0.51266,0.20875,0.17639,0.17639,0.048333,0.37193,0.4422,0.38778,0.17639,0.20875,0.20875,0.20875,0.098333,0.23157,0.48651,0.43464,0.32312,0.17639,0.182,0.095,0.23157,0.22155,0.62418,0.20875,0.17639,0.17639,0.71509,0.17639,0.25803,0.25942,0.43464,0.44324,0.42174,0.23157,0.25803,0.25803,0.17639,0.20875,0.16857,0.3394,0.182,0.57792,0.46663,0.43464,0.17639,0.02,0.095,0.048333,0.3394,0.17639,0.23157,0.23157,0.20875,0.23157,0.17639,0.20875,0.37193
0.53155,0.20442,0.1465,0.30231,0.4083,0.46755,0.4125,0.56208,0.17269,0.1465,0.26778,0.17269,0.21437,0.52668,0.52668,0.32047,0.19283,0.11667,0.17778,0.19283,0.21437,0.21437,0.78196,0.21553,0.17778,0.19283,0.38944,0.26778,0.19283,0.23868,0.1465,0.1465,0.20442,0.21437,0.53967,0.20442,0.1465,0.39408,0.32047,0.31325,0.17778,0.73732,0.29553,0.52668,0.19283,0.11667,0.21437,0.1465,0.21437,0.17778,0.32047,0.17778,0.28459,0.1465,0.11667,0.38944,0.17269
0.51959,0.19697,0.40311,0.28202,0.07875,0.4123,0.16048,0.16048,0.14886,0.12042,0.12042,0.25432,0.14833,0.14886,0.40979,0.34864,0.42255,0.14886,0.14833,0.16048,0.25432,0.14886,0.68397,0.25581,0.29977,0.21843,0.41755,0.19926,0.14886,0.40979,0.46167,0.26793,0.40979,0.19697,0.42255,0.14886,0.07875,0.14886,0.16048,0.41036,0.16048,0.68045,0.16048,0.25581,0.14886,0.0525,0.16048,0.14833,0.25581,0.14886,0.16048,0.14886,0.14886,0.16048,0.0525,0.14886,0.14886
0.5396,0.15333,0.15115,0.16521,0.15333,0.66022,0.24481,0.24481,0.23557,0.16521,0.15333,0.1475,0.342,0.33771,0.23557,0.33771,0.15333,0.18893,0.15115,0.27244,0.23557,0.16521,0.33771,0.16521,0.15115,0.47943,0.45577,0.15115,0.16521,0.66022,0.27244,0.342,0.33771,0.18148,0.27244,0.28977,0.15115,0.20069,0.1682,0.3426,0.23557,0.58546,0.235,0.24481,0.24481,0.15115,0.17212,0.11,0.21117,0.15115,0.15115,0.15115,0.15115,0.15333,0.15115,0.27244,0.16521
0.53133,0.41811,0.24556,0.21023,0.16417,0.41811,0.3484,0.41811,0.21023,0.19341,0.26519,0.21023,0.17176,0.34083,0.21023,0.27305,0.19341,0.21023,0.16417,0.17176,0.19341,0.17176,0.5306,0.03,0.16417,0.17176,0.74174,0.19609,0.3426,0.17176,0.33245,0.27305,0.29512,0.26519,0.21023,0.17176,0.24556,0.19341,0.21023,0.30233,0.33245,0.61118,0.27798,0.19341,0.21023,0.035,0.17176,0.046667,0.21023,0.17176,0.17176,0.17176,0.25311,0.24556,0.17176,0.21023,0.30233
0.51213,0.35366,0.23759,0.43467,0.10875,0.6766,0.15917,0.23759,0.15917,0.49602,0.23759,0.45622,0.1125,0.24944,0.64207,0.35025,0.32641,0.15917,0.17464,0.23088,0.32641,0.27121,0.58965,0.19633,0.23088,0.35792,0.75359,0.23759,0.49602,0.37616,0.32514,0.23759,0.23759,0.27121,0.1125,0.24944,0.40932,0.32641,0.10875,0.72634,0.32514,0.8771,0.17269,0.15917,0.23776,0.10875,0.23759,0.10875,0.23759,0.12562,0.23759,0.23759,0.12562,0.30515,0.23759,0.64207,0.43739
0.52328,0.18364,0.18364,0.19229,0.18364,0.58217,0.1952,0.22519,0.18364,0.2595,0.32514,0.18364,0.18989,0.34221,0.67495,0.44637,0.32744,0.1325,0.18364,0.34221,0.32744,0.41979,0.35352,0.18364,0.18364,0.37633,0.32059,0.32059,0.18364,0.33207,0.67324,0.1325,0.32059,0.4264,0.33207,0.18364,0.2595,0.32514,0.1775,0.40979,0.041667,0.73308,0.18364,0.56764,0.32744,0.041667,0.4264,0.041667,0.18056,0.18364,0.22519,0.2595,0.40979,0.17214,0.1325,0.26839,0.18364
0.5066,0.21848,0.21848,0.67182,0.21848,0.56475,0.24051,0.57453,0.21848,0.79817,0.27821,0.24051,0.21848,0.21848,0.21848,0.24051,0.21848,0.56475,0.21848,0.21848,0.57453,0.21848,0.34622,0.21848,0.21848,0.43207,0.50199,0.21848,0.21848,0.31625,0.21848,0.21848,0.30884,0.24051,0.21848,0.21848,0.24051,0.21848,0.21848,0.27821,0.36397,0.60153,0.21848,0.21848,0.21848,0.075,0.21848,0.2,0.24051,0.27821,0.2,0.21848,0.21848,0.21848,0.095,0.21848,0.50199
0.51198,0.17477,0.29643,0.33244,0.44781,0.76321,0.2555,0.17477,0.17477,0.14618,0.34111,0.1335,0.31514,0.14618,0.39217,0.29643,0.5107,0.11813,0.2555,0.5376,0.40543,0.11813,0.31514,0.14618,0.34011,0.14618,0.5892,0.17477,0.32231,0.48112,0.63019,0.14618,0.25536,0.29643,0.29643,0.11813,0.19063,0.11813,0.11813,0.2484,0.32167,0.5892,0.33244,0.63527,0.14618,0.11813,0.19063,0.11813,0.25278,0.29643,0.14618,0.33244,0.17194,0.32167,0.25135,0.13,0.11813
0.51211,0.17219,0.27397,0.34656,0.17219,0.5066,0.17219,0.34,0.29342,0.71643,0.2262,0.27397,0.15,0.17219,0.41563,0.20881,0.15,0.27557,0.17219,0.17219,0.45475,0.2262,0.33381,0.15,0.27557,0.41563,0.45475,0.17219,0.187,0.46564,0.187,0.15,0.33381,0.27944,0.2262,0.2375,0.27557,0.15,0.33381,0.48635,0.27557,0.51935,0.28189,0.34557,0.187,0.15,0.15889,0.2262,0.27557,0.68582,0.33381,0.27557,0.187,0.15,0.41563,0.15,0.27019
0.50819,0.273,0.20841,0.14462,0.067,0.86427,0.20841,0.20841,0.15768,0.20841,0.273,0.20806,0.20841,0.34343,0.63094,0.20841,0.14462,0.067,0.14462,0.20841,0.432,0.432,0.35702,0.20841,0.067,0.20806,0.8212,0.28274,0.34733,0.45137,0.20929,0.070833,0.20841,0.432,0.20125,0.14462,0.26149,0.20841,0.20929,0.20841,0.14462,0.88781,0.24306,0.52683,0.273,0.067,0.178,0.14462,0.35702,0.13786,0.20841,0.20841,0.34733,0.34343,0.067,0.20841,0.20841
0.50404,0.35531,0.41661,0.25172,0.36631,0.37689,0.26353,0.3578,0.19593,0.6362,0.41661,0.19593,0.19593,0.0475,0.73935,0.19593,0.19593,0.206,0.19593,0.19593,0.37689,0.266,0.94768,0.19593,0.206,0.51931,0.74409,0.19593,0.19593,0.26353,0.19593,0.19593,0.37689,0.19593,0.19593,0.21202,0.41724,0.19593,0.19593,0.3838,0.27622,0.73349,0.19593,0.19593,0.206,0.10167,0.19593,0.0475,0.27622,0.19593,0.35531,0.30697,0.19593,0.4451,0.19593,0.19593,0.19593
0.51054,0.23089,0.24176,0.37947,0.14875,0.66067,0.29679,0.23545,0.18917,0.23545,0.18917,0.22987,0.40191,0.29679,0.38825,0.37028,0.18917,0.23545,0.20763,0.38825,0.19917,0.23089,0.44537,0.38825,0.195,0.37947,0.44537,0.195,0.35477,0.23089,0.35477,0.23089,0.30333,0.18917,0.24811,0.23089,0.18917,0.18917,0.24811,0.30333,0.23089,0.23545,0.19917,0.44537,0.30219,0.06,0.19917,0.23089,0.24811,0.12667,0.23089,0.54564,0.195,0.23545,0.0675,0.18917,0.18917
0.50548,0.20143,0.20348,0.26107,0.20143,0.58904,0.35929,0.20143,0.20143,0.20143,0.35929,0.20143,0.35511,0.2743,0.74027,0.55201,0.20143,0.20143,0.20143,0.2033,0.23764,0.2213,0.60585,0.22801,0.23764,0.20143,0.69796,0.20143,0.20143,0.25066,0.22411,0.2213,0.25134,0.35511,0.4815,0.24622,0.22801,0.35904,0.25134,0.20143,0.20143,0.9579,0.22801,0.25134,0.20143,0.20143,0.22801,0.20143,0.2213,0.20143,0.22801,0.22801,0.2213,0.20143,0.20143,0.20143,0.3383
