#r-corr, Nres**, Nres*, [res**], [res*]
0.96886,7,46,9,45,52,54,9,45,52,54,37,38,43,34,4,23,56,16,27,30,47,11,7,55,17,13,3,6,8,24,39,50,48,19,40,14,18,20,35,46,49,10,29,15,1,12,28,44,2,51,36,22
0.96734,7,44,9,45,52,54,43,23,34,9,45,52,54,43,23,34,4,6,7,30,37,38,47,55,56,11,27,3,16,17,24,8,39,18,20,50,14,40,25,36,46,49,35,1,15,19,22,31,2,13,44,51,12
0.96963,11,42,45,52,9,54,37,4,23,34,43,27,47,45,52,9,54,37,4,23,34,43,27,47,56,6,7,38,30,55,11,24,50,16,20,13,49,3,51,17,8,19,15,18,14,33,36,12,1,40,31,28,39,29,46
0.96861,6,43,45,52,9,43,38,54,45,52,9,43,38,54,4,56,6,11,17,23,30,34,37,7,55,16,47,36,18,27,24,3,20,40,39,8,13,46,15,50,14,51,31,19,10,53,35,49,44,1,28
0.96892,13,42,45,52,9,38,54,37,47,7,43,27,23,34,45,52,9,38,54,37,47,7,43,27,23,34,56,11,20,24,30,4,17,55,50,6,13,18,16,10,40,1,36,39,3,12,49,51,14,8,2,25,15,19,31,46
0.96519,9,43,9,45,52,54,23,38,4,37,9,45,52,54,23,38,4,37,43,56,47,7,11,16,17,18,27,30,34,50,55,36,6,24,40,8,15,20,46,13,19,2,35,12,49,39,14,51,53,3,1,10,31
0.96256,13,45,9,23,45,52,54,4,37,38,56,47,34,27,43,9,23,45,52,54,4,37,38,56,47,34,27,43,17,7,11,30,18,50,24,55,16,39,6,13,46,1,51,36,40,53,3,19,12,31,20,2,10,35,14,33,29,8,25,48
0.96149,10,39,45,52,54,9,23,38,47,34,43,4,45,52,54,9,23,38,47,34,43,4,27,50,24,37,56,18,17,13,30,7,11,28,55,6,36,3,12,20,39,49,31,51,1,40,10,46,15,42,19
0.9639,11,40,9,23,45,52,54,37,43,38,7,56,9,23,45,52,54,37,43,38,7,56,4,17,34,27,6,47,50,30,13,14,16,24,55,8,11,36,20,49,3,10,51,1,18,40,35,2,19,22,28,39
0.96329,9,43,9,38,45,52,54,23,37,43,47,9,38,45,52,54,23,37,43,47,7,27,56,30,24,6,11,13,16,34,17,18,55,4,20,3,28,39,1,19,31,48,50,51,40,46,14,49,2,8,10,12,22,36
0.95738,10,35,45,9,23,37,47,52,54,43,38,27,45,9,23,37,47,52,54,43,38,27,4,13,7,17,30,34,55,56,6,18,3,24,49,50,11,19,16,36,8,51,39,40,10,53,1
0.95534,11,44,9,38,45,52,54,37,43,23,17,47,9,38,45,52,54,37,43,23,17,47,6,56,4,13,16,30,34,3,7,8,11,24,50,49,18,40,55,48,27,36,39,35,14,46,22,51,53,20,44,1,19,28,12,33
0.95727,11,41,45,54,9,52,4,38,47,17,23,43,45,54,9,52,4,38,47,17,23,43,34,27,56,40,55,7,6,18,20,30,36,37,19,10,8,24,3,11,16,13,14,50,2,48,31,22,39,49,46,1,12
0.95513,6,44,23,45,52,54,9,38,23,45,52,54,9,38,4,17,27,34,37,56,30,55,43,7,13,24,11,47,8,16,6,18,39,12,3,14,28,36,46,50,40,49,15,20,2,10,19,32,35,51,44,1
0.95721,14,42,9,37,45,52,54,17,23,43,47,4,34,38,55,30,9,37,45,52,54,17,23,43,47,4,34,38,55,30,27,56,7,13,18,24,6,3,15,19,36,8,16,50,20,14,40,49,51,39,10,11,12,46,29,1,2,25
0.94813,7,41,9,23,45,47,52,54,38,9,23,45,47,52,54,38,37,56,43,4,6,7,10,11,17,18,24,27,30,34,55,13,12,28,16,50,2,3,33,40,8,31,14,19,20,49,21,53,1,15
0.94906,16,41,9,45,47,52,54,34,37,55,27,38,17,43,4,7,10,50,9,45,47,52,54,34,37,55,27,38,17,43,4,7,10,50,23,18,11,24,31,56,30,13,19,3,12,39,2,51,8,14,15,20,16,28,49,6,29,46,40
0.94768,13,45,9,17,23,37,38,45,52,54,43,47,56,7,4,9,17,23,37,38,45,52,54,43,47,56,7,4,34,11,24,27,8,30,55,3,13,46,50,19,49,40,14,36,1,12,16,18,20,28,39,6,10,22,15,25,31,53,2,42
0.94619,11,44,45,47,52,54,23,9,37,38,56,3,43,45,47,52,54,23,9,37,38,56,3,43,4,17,11,20,28,30,50,55,27,13,16,18,49,34,7,40,2,53,8,46,6,10,24,19,33,39,51,14,1,12,31,29,48
0.94761,11,38,9,23,38,43,45,52,54,56,47,34,27,9,23,38,43,45,52,54,56,47,34,27,37,50,55,17,4,13,16,40,3,6,7,24,30,18,31,36,14,8,39,20,28,10,49,11,15,46,12
0.93915,5,34,45,47,52,54,17,45,47,52,54,17,4,9,23,34,38,43,55,11,37,56,13,30,50,3,7,12,19,39,40,6,27,18,31,16,46,8,44,51,48
0.93919,11,38,9,37,45,52,54,38,47,43,24,55,23,9,37,45,52,54,38,47,43,24,55,23,56,6,17,4,7,13,27,34,16,30,3,39,36,40,50,11,20,2,18,1,8,14,33,10,49,32,28
0.93838,6,38,45,54,52,9,47,43,45,54,52,9,47,43,17,23,38,4,7,11,13,24,27,28,34,37,46,55,56,31,50,53,36,30,10,6,16,33,18,3,40,48,19,22,49,12
0.94154,8,37,9,38,45,52,54,23,43,47,9,38,45,52,54,23,43,47,27,17,56,6,13,37,4,16,34,30,40,2,55,7,18,31,20,3,12,35,46,50,19,36,10,11,14,24,28
0.93896,9,39,45,38,43,52,54,17,9,47,37,45,38,43,52,54,17,9,47,37,55,4,7,8,11,23,24,27,30,34,56,1,39,3,13,16,35,36,50,12,20,28,46,6,15,31,18,10,51,53
0.92901,9,34,37,45,52,54,9,47,4,43,17,37,45,52,54,9,47,4,43,17,23,38,13,6,20,27,30,34,50,55,10,56,24,49,7,39,16,3,40,28,8,15,1,2,25
0.9275,15,32,9,23,45,52,54,38,47,6,7,37,17,34,30,43,9,23,45,52,54,38,47,6,7,37,17,34,30,43,24,13,56,4,27,55,50,10,3,11,16,53,31,18,20,1,12,19
0.93194,12,37,37,45,47,52,54,9,17,34,38,11,50,23,37,45,47,52,54,9,17,34,38,11,50,23,55,13,24,3,27,43,56,20,30,4,35,2,31,40,36,7,10,18,46,49,19,39,1,6,16
0.93282,8,34,9,23,45,52,54,47,43,38,9,23,45,52,54,47,43,38,4,37,7,27,34,56,50,24,6,11,19,20,30,40,55,17,13,8,16,1,3,35,31,18,49,15
0.93128,10,35,37,45,52,54,38,47,9,27,56,43,37,45,52,54,38,47,9,27,56,43,55,7,6,23,13,17,4,8,30,10,11,16,24,50,3,49,20,34,2,31,33,39,51,40,19
0.91948,11,42,9,43,45,52,54,23,27,37,38,47,17,9,43,45,52,54,23,27,37,38,47,17,6,53,7,11,16,55,34,3,10,18,28,30,31,35,49,50,56,13,24,4,36,1,8,44,48,25,46,40,19,51,20
0.91709,14,38,9,13,23,38,43,45,47,52,54,56,30,55,17,50,9,13,23,38,43,45,47,52,54,56,30,55,17,50,7,18,2,4,6,11,12,19,24,27,34,35,37,3,36,46,40,14,25,28,49,51,39,22
0.91692,14,31,45,52,9,47,54,23,37,43,27,34,38,17,45,52,9,47,54,23,37,43,27,34,38,17,13,24,16,55,56,7,6,4,30,40,11,28,19,12,2,39,36,18,26
0.91654,8,39,9,17,45,52,54,37,47,27,9,17,45,52,54,37,47,27,4,7,34,36,38,8,30,43,16,50,18,23,3,1,6,39,2,11,14,51,56,40,55,13,35,48,24,12,49,28,46
0.91864,13,31,7,23,45,52,54,11,27,47,56,9,37,38,43,7,23,45,52,54,11,27,47,56,9,37,38,43,4,17,24,34,1,55,13,40,6,28,33,12,50,16,39,35,14,49
0.90528,14,34,38,45,52,54,47,23,38,45,52,54,47,23,4,9,13,17,27,34,55,56,43,36,39,6,1,11,30,40,18,37,46,16,20,44,50,10,12,31,3,35
0.91008,11,30,9,45,47,54,52,23,38,43,17,3,13,9,45,47,54,52,23,38,43,17,3,13,56,50,24,55,25,11,34,27,40,20,30,1,6,37,32,15,29,36,16
0.90584,14,33,9,17,45,52,54,23,56,34,38,37,43,7,30,47,9,17,45,52,54,23,56,34,38,37,43,7,30,47,55,19,6,4,46,11,13,16,44,49,27,36,2,20,31,50,32,40,3
0.90751,10,36,9,38,45,52,54,23,37,17,34,56,9,38,45,52,54,23,37,17,34,56,55,13,47,24,36,11,30,46,43,40,7,50,3,4,16,18,27,49,8,19,20,53,10,15,32,12
0.90303,11,39,45,9,47,52,54,17,38,7,34,23,37,45,9,47,52,54,17,38,7,34,23,37,3,56,18,43,11,27,30,46,20,24,35,50,4,13,16,49,8,10,1,6,14,51,31,28,39,40,53,55
0.89739,7,36,9,37,45,52,54,38,9,37,45,52,54,38,23,47,24,30,50,11,27,34,56,8,4,13,17,40,43,16,7,18,3,55,35,36,1,2,12,20,31,39,46,49
0.89001,11,26,9,23,37,38,45,52,54,56,47,50,16,9,23,37,38,45,52,54,56,47,50,16,17,34,43,2,24,1,7,15,28,36,6,11,12,13,55
0.89619,12,33,45,52,54,9,38,27,47,17,43,23,13,30,45,52,54,9,38,27,47,17,43,23,13,30,8,37,55,4,16,20,50,11,34,18,24,35,56,51,46,28,3,10,36,48,49
0.88944,4,36,45,52,54,9,45,52,54,9,27,37,38,47,55,4,11,17,23,34,40,43,56,1,14,19,12,36,8,7,50,16,35,24,32,2,30,20,3,25,18,28
0.89112,8,36,23,45,52,34,54,47,37,16,23,45,52,34,54,47,37,16,9,1,4,8,13,17,19,24,27,30,38,56,14,18,50,2,55,43,33,7,20,49,36,40,11,15,53,3
0.87183,9,37,23,43,45,52,54,9,17,56,38,23,43,45,52,54,9,17,56,38,50,1,12,18,27,47,30,37,44,28,40,2,8,4,7,34,49,3,24,35,55,15,6,51,46,31,11,36
0.87201,6,24,45,52,23,9,47,54,45,52,23,9,47,54,4,17,27,38,34,55,1,11,28,30,37,40,8,16,3,43,50,48
0.88159,6,28,45,54,38,9,52,47,45,54,38,9,52,47,7,23,16,6,24,37,4,40,27,30,43,50,35,55,8,34,56,18,3,19,10,13
0.88337,7,32,45,54,9,38,52,56,43,45,54,9,38,52,56,43,37,23,17,6,11,13,34,3,50,47,16,10,12,28,19,7,4,30,14,51,35,24,18,46,44
0.87922,9,26,9,24,38,45,52,54,17,23,37,9,24,38,45,52,54,17,23,37,43,47,34,56,13,3,30,4,55,6,16,50,8,7,10,28,49
0.85635,4,27,45,54,52,38,45,54,52,38,47,23,37,56,46,8,13,24,27,30,10,17,18,9,40,53,43,55,15,19,4,7,2
0.86144,7,25,45,9,38,52,54,47,37,45,9,38,52,54,47,37,23,55,56,34,4,17,43,50,3,11,13,40,6,19,32,33,27,46
0.87003,8,31,9,38,45,52,54,49,47,9,38,45,52,54,49,47,4,23,11,13,56,10,7,8,16,19,17,20,30,37,43,35,46,36,55,18,25,28,29,31
0.87076,11,29,45,9,17,38,54,52,50,23,37,43,7,45,9,17,38,54,52,50,23,37,43,7,13,10,47,55,49,11,1,4,20,30,8,40,44,56,18,27,34,28
0.87,9,24,37,38,45,52,54,23,43,11,47,37,38,45,52,54,23,43,11,47,6,17,56,9,24,27,30,50,28,18,35,13,31,44,46
0.85496,7,23,38,45,9,52,54,50,47,38,45,9,52,54,50,47,16,17,23,30,10,27,56,18,7,46,12,31,24,34,37,40
0.8528,10,32,7,9,45,47,52,37,43,38,54,11,7,9,45,47,52,37,43,38,54,11,17,56,18,3,4,23,2,24,8,55,13,27,40,16,6,12,1,10,36,34,39,28
0.84673,7,29,9,45,52,7,54,4,47,9,45,52,7,54,4,47,23,24,16,38,11,13,17,20,30,39,43,56,37,3,27,6,8,40,18,55,25,35
0.8549,5,23,45,52,54,17,37,45,52,54,17,37,47,38,34,40,56,4,16,46,3,9,50,19,43,1,13,20,7,55
0.8401,4,23,45,52,9,47,45,52,9,47,38,56,37,34,18,50,54,11,46,4,2,39,43,24,28,12,17,31,55
0.83285,3,23,45,52,54,45,52,54,11,34,36,2,23,37,38,43,46,8,18,17,50,7,30,47,24,55,49,56
0.82935,9,22,37,45,47,52,54,9,38,4,56,37,45,47,52,54,9,38,4,56,8,18,13,17,7,34,50,51,1,31,53,3,23
0.8334,4,24,45,54,52,56,45,54,52,56,9,13,17,24,38,44,23,47,27,8,30,37,34,55,4,39,1,12,14,19
0.84608,7,23,45,54,38,56,27,52,50,45,54,38,56,27,52,50,9,43,30,34,37,17,24,47,51,20,53,6,8,55,23,11
0.84158,8,22,38,45,52,54,37,50,56,38,45,52,54,37,50,56,9,47,53,23,10,34,13,17,55,4,16,27,43,18,1
0.8236,5,23,45,54,27,52,47,45,54,27,52,47,11,40,17,38,7,56,43,9,23,13,24,14,15,50,18,4,46,49
0.80737,6,19,45,52,9,54,38,27,45,52,9,54,38,27,47,55,43,23,30,2,13,37,50,12,17,18,53
0.81921,6,27,45,52,54,16,17,38,45,52,54,16,17,38,23,4,47,8,9,34,37,40,43,50,56,11,15,33,28,10,19,21,44,13,35
0.82181,7,19,45,9,17,23,52,54,45,9,17,23,52,54,38,4,27,30,40,56,34,46,35,47,16,6,10
0.82013,5,21,37,45,52,54,6,37,45,52,54,6,11,24,43,47,9,56,50,4,13,23,30,55,31,34,49,40
0.8012,3,23,45,54,9,45,54,9,23,52,56,43,13,35,27,31,50,24,28,30,36,38,55,47,37,17,19,4
0.79758,5,17,45,54,38,13,50,45,54,38,13,50,52,11,17,47,53,56,2,9,23,37,12,10
0.80748,7,21,4,23,45,52,54,9,4,23,45,52,54,9,10,47,13,17,50,53,37,56,27,18,24,11,12,6,38
0.80271,4,25,45,54,52,45,54,52,47,11,23,37,43,46,36,35,4,7,8,9,13,27,50,16,17,3,18,15,25,49
0.80638,5,19,45,38,52,54,23,45,38,52,54,23,7,11,50,55,10,49,6,27,43,4,17,20,37,47
0.79399,7,16,45,54,9,45,54,9,13,40,47,52,24,43,31,34,38,12,30,6,17
0.79541,6,16,45,52,54,38,55,47,45,52,54,38,55,47,11,9,50,56,18,23,27,37,6,24
0.78881,4,18,45,52,37,38,45,52,37,38,23,55,54,47,50,51,27,9,4,7,28,36,43,56
0.79083,8,16,45,52,54,13,38,9,17,50,45,52,54,13,38,9,17,50,37,56,43,4,31,19,47,20
0.79246,4,22,45,54,23,45,54,23,38,56,1,4,7,11,27,36,37,52,50,9,12,19,30,49,18,47,55
0.75753,3,18,45,54,46,45,54,46,9,52,8,35,38,40,7,55,43,24,19,44,17,37,56
0.77412,5,15,45,54,9,52,13,45,54,9,52,13,27,38,3,17,47,56,7,4,43,31
0.78054,5,10,45,54,37,38,24,45,54,37,38,24,43,4,27,52,9
0.77201,3,9,45,54,38,45,54,38,55,47,28,52,9,43
0.76488,2,9,45,45,54,11,23,52,2,9,13,34
0.7499,3,9,45,54,52,45,54,52,9,11,27,37,38,47
0.74286,3,16,45,52,54,45,52,54,9,56,38,13,24,47,20,37,4,18,30,46,43
0.75511,3,15,45,38,52,45,38,52,6,18,23,54,4,7,9,19,29,37,49,56
0.75365,7,16,4,38,45,52,54,23,28,4,38,45,52,54,23,28,37,9,10,16,11,17,35,24,8
0.76017,5,16,23,38,45,52,54,23,38,45,52,54,24,43,47,17,4,19,9,55,13,36,37
0.7474,2,13,45,23,45,23,52,54,4,8,9,17,38,43,55,10,40
0.73476,3,12,45,54,50,45,54,50,52,38,17,27,47,56,37,12,23
0.73636,2,10,38,45,38,45,50,37,52,54,55,13,9,24
0.72372,5,17,45,9,54,17,34,45,9,54,17,34,4,24,49,52,12,37,7,16,23,31,8,50
0.72336,1,6,45,45,52,38,9,13,36
0.73166,2,8,45,54,45,54,56,23,17,27,38,30
0.73078,2,7,45,45,52,54,37,50,24,23
0.73001,3,9,45,52,54,45,52,54,23,18,38,47,51,55
0.73135,2,9,45,52,45,52,54,16,10,23,47,49,55
0.72921,4,14,45,52,38,54,45,52,38,54,17,46,49,36,50,27,56,20,24,47
0.69113,1,6,45,47,52,36,50,38
0.70787,3,12,8,38,54,8,38,54,56,55,45,47,1,11,12,52,50
0.68826,1,3,45,45
0.69756,3,9,45,56,11,45,56,11,52,17,13,47,19,54
0.70834,3,12,45,54,52,45,54,52,10,27,47,50,9,24,38,56,31
0.68806,1,10,54,54,11,13,37,47,52,45,40,55,16
0.69158,2,12,13,45,23,54,34,17,9,52,11,18,47,49
0.69413,1,6,45,45,23,52,54,9,24
0.70051,1,12,45,45,52,20,38,47,54,55,56,10,16,43,27
0.67875,1,10,45,45,54,16,28,37,52,24,17,32,11
0.67366,0,13,27,45,52,23,55,1,13,17,24,37,54,18,36
0.66385,2,13,45,54,45,54,17,23,38,56,47,53,52,27,49,16,24
0.67658,1,2,45,23
0.6751,2,8,45,52,45,52,54,27,47,23,16,24
0.69032,3,10,45,4,52,45,4,52,54,2,47,17,23,30,12
0.64901,0,5,45,47,54,11,56
0.65234,0,14,38,45,9,51,52,54,36,47,53,50,27,56,10,17
0.64026,1,10,45,4,47,55,11,17,54,3,2,18
0.6645,2,12,45,54,45,54,56,55,23,40,17,38,50,24,30,52
0.65626,1,5,45,45,19,42,52,23
0.64602,0,0
0.64171,0,6,23,37,38,45,52,15
0.65116,3,4,45,52,9,45,52,9,4
0.63898,1,6,52,52,17,45,54,7,27
0.61745,0,5,45,52,4,27,55
0.6475,1,10,45,4,9,23,37,38,43,47,50,52
0.63802,2,3,23,45,23,45,54
0.61802,3,14,45,52,54,45,52,54,27,50,9,37,2,13,23,46,48,16,17
0.64927,0,9,17,23,36,45,10,38,54,13,27
0.62505,0,5,23,37,45,9,54
0.62328,0,5,45,9,23,47,52
0.59169,0,2,45,46
0.60854,0,0
0.59317,0,7,4,54,45,15,36,52,38
0.6084,1,6,54,52,4,11,17,36
0.61249,1,3,45,45,52,54
0.58946,1,4,45,45,23,54,27
0.58885,0,10,4,23,24,45,54,55,27,36,34,38
0.57607,1,1,45,45
0.58567,0,1,45
0.58764,1,2,45,45,54
0.5765,0,0
0.58761,1,2,45,45,23
0.58705,0,0
0.56828,0,0
0.57136,0,0
0.57387,0,1,45
0.56472,0,1,45
0.56438,1,2,45,45,37
0.5673,0,1,45
0.56469,0,0
0.56838,0,0
0.55814,0,0
0.55155,0,0
0.56273,0,0
0.5402,0,0
0.55729,0,14,45,47,9,23,24,51,52,56,18,4,38,54,55,43
0.54626,0,4,45,52,4,54
0.55218,0,1,45
0.56352,1,1,45,45
0.53072,0,0
0.52381,0,3,45,9,47
0.53571,0,0
0.51652,0,2,45,52
0.51017,0,0
0.51266,0,3,45,4,47
0.53155,0,0
0.51959,0,0
0.5396,0,0
0.53133,0,3,23,45,47
0.51213,0,0
0.52328,0,3,40,45,47
0.5066,0,0
0.51198,0,0
0.51211,0,0
0.50819,0,0
0.50404,0,2,13,47
0.51054,0,0
0.50548,0,0
#P-values
0.14881
0.17011
0.1583
0.098267
0.39969
0.18013
0.13974
0.1204
0.08624
0.13914
0.099898
0.15313
0.10834
0.28436
0.2014
0.12926
0.085095
0.10675
0.14067
0.18288
0.21713
0.36329
0.067595
0.099112
0.22432
0.39546
0.10432
0.15621
0.24725
0.14952
0.13609
0.23878
0.2142
0.14396
0.14662
0.13043
0.087437
0.072972
0.23793
0.13153
0.43963
0.21412
0.12235
0.16981
0.021185
0.13202
0.061304
0.17481
0.13997
0.10325
0.18287
0.05481
0.1767
0.044328
0.097086
0.095055
